MAEFILE: jag_amide1_spe_B3LYP_6-31Gss.01.mae
&gen 
basis=6-31g** 
icfit=1 
dftname=b3lyp 
&
&zmat
 C1             -0.3756872701             0.3343549931             0.0000000000
 N2              0.8620452291            -0.1614545967             0.0000000000
 O3             -1.3778633416            -0.3744377105             0.0000000000
 C4              1.2070861702            -1.5800971694             0.0000000000
 C5             -0.3756872701             1.8343549931             0.0000000000
 H6              1.7122567002             0.3837430320             0.0000000000
 H7              2.2915037959            -1.6902716359             0.0000000000
 H8              0.7936768867            -2.0545717184             0.8899812732
 H9              0.7936768867            -2.0545717184            -0.8899812732
 H10             0.6519745852             2.1976883264             0.0000000000
 H11            -0.8895181978             2.1976883264            -0.8899812732
 H12            -0.8895181978             2.1976883264             0.8899812732
&
&guess  basgss=6-31g** numd=6
    1 Orbital Energy   -19.095939 Occupation  1.000000 Symmetry Ap      
 -0.000035893066635  0.000357869669198  0.000035549034120 -0.000038600265273
  0.000000000000000 -0.002230014583035  0.004019040118581  0.003356254999441
  0.000000000000000 -0.000621148628241 -0.000364532415268 -0.000109791247617
 -0.000495048429652 -0.000000000000000  0.000000000000000 -0.000001210809823
  0.000039979512581 -0.000009084973546  0.000107255737509 -0.000000000000000
 -0.000656821045242 -0.000040237297841 -0.001682434909863  0.000000000000000
 -0.000149392129339  0.000059227890709 -0.000006776344921 -0.000116238199539
 -0.000000000000000 -0.000000000000000  0.992683375253955  0.025389266966975
  0.000947651372812  0.000642366828988  0.000000000000000  0.015748217570944
  0.001744421879050  0.001142700406627  0.000000000000000 -0.007929414046581
 -0.008142706694356 -0.008337062711303  0.000313404432230 -0.000000000000000
  0.000000000000000  0.000000155742601  0.000022520200292 -0.000007444169775
 -0.000127137403918  0.000000000000000 -0.000898679138331  0.000273631596757
 -0.000324675638157  0.000000000000000  0.000051688768486 -0.000088714536175
 -0.000022099732404  0.000008284980665  0.000000000000000  0.000000000000000
  0.000021054358692  0.000134964053231 -0.000006985922378  0.000039042506092
 -0.000000000000000 -0.001881546337842 -0.000724234170382  0.000652660398140
 -0.000000000000000  0.000010054870494  0.000024215353329 -0.000004195162063
  0.000015141986123 -0.000000000000000 -0.000000000000000  0.000279602216005
  0.000216404685881 -0.000061575444952 -0.000031252275733 -0.000000000000000
  0.000000146841929 -0.000077630368495  0.000020144403725  0.000000382161545
  0.000000000000000  0.000069854058582  0.000103888345490 -0.000025881033262
  0.000016251563473 -0.000016285562380  0.000069854058582  0.000103888345490
 -0.000025881033262  0.000016251563473  0.000016285562380  0.000081998671828
  0.000250090359085 -0.000011685359922  0.000066405877780 -0.000000000000000
  0.000048519823408 -0.000000082879806  0.000019567374880 -0.000058034826645
 -0.000011823223630  0.000048519823408 -0.000000082879806  0.000019567374880
 -0.000058034826645  0.000011823223630
    2 Orbital Energy   -14.358273 Occupation  1.000000 Symmetry Ap      
 -0.000051730240768 -0.000220912088432 -0.000303449042647  0.000151564896938
 -0.000000000000000  0.000611608238641  0.000086455896022 -0.000222166609657
  0.000000000000000 -0.000128563290590 -0.000077182673180  0.000011366468382
  0.000012892381260 -0.000000000000000  0.000000000000000 -0.992603350583506
 -0.034909271751210 -0.000137641475809 -0.000002305295236 -0.000000000000000
 -0.004375593843125  0.000069455606497 -0.000120171494761  0.000000000000000
  0.008418471112871  0.008517427576171  0.008436156075249 -0.000068765048763
  0.000000000000000 -0.000000000000000  0.000005611079612  0.000015282727417
  0.000034624229222  0.000011394388440  0.000000000000000 -0.000198260572884
  0.000026413489794 -0.000041169633536  0.000000000000000  0.000114505383252
  0.000004889380031  0.000014488842196  0.000005911112497  0.000000000000000
 -0.000000000000000 -0.000004219505980 -0.000042519970272  0.000063080544221
 -0.000294367752949  0.000000000000000  0.000230583672819  0.000038162840263
  0.000135257849943 -0.000000000000000 -0.000027334071459 -0.000223375125810
 -0.000022716614339  0.000050047288280 -0.000000000000000  0.000000000000000
 -0.000002463904688 -0.000088431973392  0.000010246150030 -0.000032955508832
  0.000000000000000  0.000163348673790  0.000118623652995 -0.000075414666984
  0.000000000000000  0.000025408597844  0.000071270117014  0.000010495233994
 -0.000054574342519  0.000000000000000 -0.000000000000000 -0.000295362482192
  0.000585626818590 -0.000031528604370 -0.000011106345532 -0.000000000000000
  0.000027759829375 -0.000052980955677 -0.000027378884146  0.000037049310996
 -0.000000000000000  0.000027407579366  0.000084982416705 -0.000002295914058
  0.000061707163867 -0.000023831904962  0.000027407579366  0.000084982416705
 -0.000002295914058  0.000061707163867  0.000023831904962 -0.000002748504497
 -0.000068515282376 -0.000001051369121 -0.000019752615408  0.000000000000000
 -0.000009964314898  0.000021503392644 -0.000010164816123  0.000003826307535
 -0.000000149731610 -0.000009964314898  0.000021503392644 -0.000010164816123
  0.000003826307535  0.000000149731610
    3 Orbital Energy   -10.276131 Occupation  1.000000 Symmetry Ap      
  0.992896858293891  0.048719778717777  0.000208793998927 -0.000538324197972
  0.000000000000000 -0.008534964241056 -0.003411965960460 -0.005863685070079
  0.000000000000000 -0.008288181952974 -0.008889227125380 -0.009582419534003
  0.000298572109007 -0.000000000000000  0.000000000000000 -0.000214688228015
 -0.000070508277724  0.000167744933893 -0.000251424539744  0.000000000000000
  0.001771827330113  0.001421068402510  0.001852440092690 -0.000000000000000
 -0.000732789056912 -0.000293350995300  0.000020031120148  0.000185494600163
 -0.000000000000000  0.000000000000000 -0.000017964735258  0.000826414911410
  0.000041288235004 -0.000055124598157  0.000000000000000 -0.005657253625896
 -0.002400942029750 -0.000949957056079 -0.000000000000000  0.000079105277637
  0.000444544747945  0.000671756046787 -0.000271614763337  0.000000000000000
 -0.000000000000000 -0.000199395872003 -0.000086574918440 -0.000019652576605
  0.000126355845652 -0.000000000000000  0.000488612369139 -0.000621461361648
  0.000216499678931 -0.000000000000000  0.000040063919851  0.000165592826698
  0.000046606360766 -0.000142456898161  0.000000000000000 -0.000000000000000
  0.001335028577798 -0.000228362653962 -0.000029003788002  0.000183951539355
 -0.000000000000000  0.005811015698756  0.001019735465969 -0.002887908953243
  0.000000000000000 -0.000232793446248 -0.000479169571942 -0.000187157062922
 -0.000054776974610 -0.000000000000000  0.000000000000000 -0.000315293068047
 -0.000767231743142 -0.000144798052551 -0.000001131438731 -0.000000000000000
  0.000053312317547  0.000223051758411  0.000005741269891 -0.000020119933276
  0.000000000000000 -0.000061252526269 -0.000092531241641  0.000046844735416
  0.000002012603171  0.000015118887027 -0.000061252526269 -0.000092531241641
  0.000046844735416  0.000002012603171 -0.000015118887027 -0.000201302229887
 -0.000256148647029 -0.000047610470277 -0.000083285671737  0.000000000000000
 -0.000165832668848  0.000435993314866 -0.000007847014928 -0.000026863420238
  0.000082099088904 -0.000165832668848  0.000435993314866 -0.000007847014928
 -0.000026863420238 -0.000082099088904
    4 Orbital Energy   -10.217404 Occupation  1.000000 Symmetry Ap      
  0.000219076851035 -0.000045953484061  0.000031192889978  0.000162336450106
 -0.000000000000000 -0.000139605857381 -0.000210931383421 -0.002505203419807
  0.000000000000000  0.000231169158986  0.000036738657954 -0.000045027875866
 -0.000017885732978  0.000000000000000 -0.000000000000000 -0.000134983196548
 -0.000100080316155 -0.000074506007130  0.000095054062832 -0.000000000000000
  0.002624126260177  0.000848258436184 -0.000343682901246  0.000000000000000
 -0.000284098157207 -0.000618616715313 -0.000074289987936  0.000173659667134
 -0.000000000000000  0.000000000000000  0.000018884883783  0.000108185426068
 -0.000052768294976  0.000004195279622 -0.000000000000000 -0.001167151747451
 -0.000319140492852 -0.000019027398000 -0.000000000000000  0.000014106688163
  0.000072285141628 -0.000015792615850 -0.000038699934393  0.000000000000000
 -0.000000000000000  0.992926922175235  0.049461999854817 -0.000061057844456
  0.000538704054902 -0.000000000000000 -0.015086271147503  0.000446153347063
 -0.000498670978853  0.000000000000000 -0.008915079339386 -0.009000028360892
 -0.008992702437217 -0.000006078008285 -0.000000000000000  0.000000000000000
 -0.000038703408229 -0.000168093644507  0.000023943360884 -0.000092395895426
  0.000000000000000  0.002125248593074 -0.000032446045818 -0.000788079256774
  0.000000000000000 -0.000040675538982  0.000019947691798 -0.000012135055264
 -0.000005161582021 -0.000000000000000 -0.000000000000000 -0.000194700459804
 -0.000023165215503 -0.000021628900697 -0.000129960710332  0.000000000000000
 -0.000220384699021  0.002413841295974  0.000191847158462 -0.000004557113015
  0.000000000000000 -0.000078623912126  0.002674362049144 -0.000072313608904
 -0.000021920429198  0.000091196399984 -0.000078623912126  0.002674362049144
 -0.000072313608904 -0.000021920429198 -0.000091196399984 -0.000020294659723
 -0.000145297387690  0.000003076717656  0.000009618631502 -0.000000000000000
 -0.000073869195329 -0.000080250125877  0.000002082491096  0.000005467080667
 -0.000008281242587 -0.000073869195329 -0.000080250125877  0.000002082491096
  0.000005467080667  0.000008281242587
    5 Orbital Energy   -10.185237 Occupation  1.000000 Symmetry Ap      
  0.001624535384360  0.000391094701154 -0.000007015617419  0.000167125386584
 -0.000000000000000 -0.004115083079082  0.000509576831716 -0.003774501894147
  0.000000000000000  0.000233436455333  0.000478498242946  0.000145100332559
  0.000038759698707  0.000000000000000 -0.000000000000000  0.000043224813432
  0.000233043860223 -0.000039752125237  0.000087430274905 -0.000000000000000
 -0.000876659332211  0.000689756531427 -0.000676107058010  0.000000000000000
 -0.000058869766457  0.000041281721390  0.000189791313682  0.000001635638016
  0.000000000000000 -0.000000000000000  0.000050923310367  0.000247331655318
  0.000009488135802  0.000023117061681 -0.000000000000000 -0.001044657632114
 -0.000533055027132  0.000144392993625 -0.000000000000000 -0.000003095003139
  0.000143406332298  0.000255655292906 -0.000036079001872  0.000000000000000
 -0.000000000000000  0.000019367296320  0.000140235621499 -0.000035335832002
 -0.000023714423484 -0.000000000000000 -0.000865553150216  0.000406678798947
 -0.000399823592074  0.000000000000000  0.000040498934744 -0.000003398748616
  0.000047082981964  0.000014616051388  0.000000000000000 -0.000000000000000
 -0.992915354265004 -0.050327683042344 -0.000052005095368 -0.000003170950701
 -0.000000000000000  0.018480066720022 -0.000011623316400 -0.001851716330965
  0.000000000000000  0.008975896658595  0.009197967157961  0.008951803269636
  0.000016744627572  0.000000000000000 -0.000000000000000  0.000079231771771
  0.000164710386215 -0.000063565816907  0.000036944299146 -0.000000000000000
  0.000008169170090 -0.000182824438517  0.000018323526639  0.000001763120593
  0.000000000000000  0.000058785218570  0.000060342232786 -0.000014353866628
  0.000006641365514  0.000000603121867  0.000058785218570  0.000060342232786
 -0.000014353866628  0.000006641365514 -0.000000603121867  0.000088775545795
 -0.002681546372438 -0.000205732875353 -0.000020696340333 -0.000000000000000
  0.000088896232778 -0.002692097083831  0.000100637375507 -0.000009796934036
  0.000177882575436  0.000088896232778 -0.002692097083831  0.000100637375507
 -0.000009796934036 -0.000177882575436
    6 Orbital Energy    -1.019808 Occupation  1.000000 Symmetry Ap      
  0.134570840636653 -0.262581955009418  0.074485269499407  0.104174948985412
 -0.000000000000000 -0.076013476830470 -0.025835982395646 -0.054278569180998
  0.000000000000000 -0.009098526440283  0.006474065695129  0.022356014224732
 -0.015086542061590  0.000000000000000 -0.000000000000000  0.082421443549627
 -0.169293949724882  0.050025384408296 -0.006873286009715  0.000000000000000
 -0.153785823743374  0.026259589521530  0.017871680048873  0.000000000000000
 -0.007826883977850  0.001565815125817  0.007795961449517  0.003627294112889
 -0.000000000000000 -0.000000000000000  0.166073861007170 -0.353881544568588
 -0.121333224854171 -0.078661428835239 -0.000000000000000 -0.363054203213997
 -0.053356561726309 -0.027367670445999 -0.000000000000000 -0.004067571691411
  0.005514661783228  0.008582834993212 -0.010745832267801  0.000000000000000
 -0.000000000000000  0.025046414855313 -0.045851120547339  0.010870557266577
 -0.029680494181264  0.000000000000000 -0.009533173280291  0.002247283795885
  0.001576297273411  0.000000000000000  0.001672565971615 -0.004379812723440
  0.003679405807783  0.002842224030732  0.000000000000000  0.000000000000000
  0.023396045571863 -0.044817727224785  0.001647380012474  0.031520364375698
 -0.000000000000000  0.007855566817482  0.007926178684654 -0.008945866158022
  0.000000000000000  0.001919302389330 -0.007165535138096  0.002063335670949
 -0.001386505528626  0.000000000000000  0.000000000000000 -0.039923587987338
 -0.006308118452494  0.004687255414340  0.002348224291458  0.000000000000000
 -0.008777604631368 -0.004681471858869  0.001404475266337 -0.000625185900184
  0.000000000000000 -0.009940506254769 -0.003021030934507 -0.000379264634798
 -0.000873865475467  0.001255321664491 -0.009940506254769 -0.003021030934507
 -0.000379264634798 -0.000873865475467 -0.001255321664491 -0.010350984888624
 -0.003334377522936  0.000864270690007  0.000437681034454  0.000000000000000
 -0.009344753844896 -0.000244551914134 -0.000614445756689  0.000815042935349
 -0.000921273508207 -0.009344753844896 -0.000244551914134 -0.000614445756689
  0.000815042935349  0.000921273508207
    7 Orbital Energy    -0.919084 Occupation  1.000000 Symmetry Ap      
 -0.012040615519618  0.026458929634903  0.208635745011999  0.030683905795363
  0.000000000000000 -0.018919865426851 -0.021396992216449  0.018337291564553
 -0.000000000000000  0.005664105940644 -0.002632078598831  0.000256314850291
 -0.021967405806881  0.000000000000000 -0.000000000000000 -0.172027050784756
  0.352085740253743  0.004978931995228  0.000148127583401  0.000000000000000
  0.386128233578500 -0.009259260573229 -0.004802210845078 -0.000000000000000
 -0.004498178117171  0.001012268667804 -0.016303040830841 -0.005240338272536
 -0.000000000000000  0.000000000000000  0.105205113238021 -0.230141516507330
 -0.048770194683321 -0.049846688436232 -0.000000000000000 -0.221480272022054
 -0.009284337408646 -0.019128373997957  0.000000000000000  0.002182252347220
  0.000349448198081  0.003580437063472 -0.004185541194700  0.000000000000000
 -0.000000000000000 -0.072111166035798  0.138723738045720 -0.013799611178977
  0.079485225814301 -0.000000000000000  0.064856355661774  0.004821224821697
 -0.002636877494939  0.000000000000000 -0.006862361614256  0.011313027085412
 -0.008622802816129 -0.004037356986871 -0.000000000000000 -0.000000000000000
 -0.013211661993800  0.024724743558143  0.016928078449277 -0.011040471063629
  0.000000000000000  0.014131361689050  0.017236787630765  0.000163578093145
  0.000000000000000 -0.000392074986335  0.000143641842511 -0.001688657457405
 -0.003381884286428 -0.000000000000000 -0.000000000000000  0.115306966594880
  0.014504613501731 -0.012972490430858 -0.008652807679576 -0.000000000000000
  0.033141028760019  0.005999455059917 -0.004291814206021  0.001634634194567
 -0.000000000000000  0.030379424293379  0.002247621829710  0.001448268483939
  0.002308324072419 -0.003101519464130  0.030379424293379  0.002247621829710
  0.001448268483939  0.002308324072419  0.003101519464130  0.012435309484156
  0.000242960571621 -0.000550087116684 -0.001784003380212  0.000000000000000
  0.003863931034183  0.000929434651234  0.000185776912402  0.000091870011662
  0.000566293288275  0.003863931034183  0.000929434651234  0.000185776912402
  0.000091870011662 -0.000566293288275
    8 Orbital Energy    -0.755564 Occupation  1.000000 Symmetry Ap      
 -0.073990160400197  0.153817373264756  0.090388161792678  0.149791402803542
 -0.000000000000000  0.082458128553311  0.012854678639225  0.024895035407642
 -0.000000000000000 -0.005527643879127  0.004585171322385 -0.006933583947582
 -0.004250222454770 -0.000000000000000 -0.000000000000000  0.010696723684743
 -0.023651463850462 -0.088933912540951  0.147130339118594 -0.000000000000000
 -0.027883041038236 -0.034691421814590  0.062948742105233 -0.000000000000000
  0.002498029283033 -0.004507839749718  0.000747533633700 -0.002823789080392
  0.000000000000000  0.000000000000000  0.045108274479390 -0.101375375792798
 -0.014136209748972  0.014850176908281 -0.000000000000000 -0.104052573044802
  0.001245019294707  0.010343920922971 -0.000000000000000  0.000368807066858
  0.003096699673787  0.000374098186968  0.002101402736727 -0.000000000000000
 -0.000000000000000  0.101192407278890 -0.200671770583255 -0.000732056648522
 -0.034438315494168  0.000000000000000 -0.149093478381560 -0.002156228248612
  0.000648145282537 -0.000000000000000  0.005824939753086 -0.000421306535634
  0.007335561186466  0.000746527005530  0.000000000000000 -0.000000000000000
 -0.148480373811479  0.286092962576186  0.015726647034169 -0.048925590816897
  0.000000000000000  0.247559180296344  0.009285965991116 -0.010387104297706
  0.000000000000000 -0.007730157335412 -0.000875687090034 -0.008669034192144
 -0.001804982907200 -0.000000000000000  0.000000000000000 -0.005280905135296
  0.000270868284417 -0.001841091431255  0.003612130596809 -0.000000000000000
 -0.066485448373132 -0.020608303320094  0.006384733132235 -0.001098800906506
  0.000000000000000 -0.060148297492316 -0.015080451458926 -0.002501540003731
 -0.002882103415858  0.005017871384415 -0.060148297492316 -0.015080451458926
 -0.002501540003731 -0.002882103415858 -0.005017871384415  0.097968510866213
  0.024359817295102 -0.008475914809091 -0.004415044066360 -0.000000000000000
  0.088032816955165  0.021057468168726  0.004403034289844 -0.003583134934072
  0.007222331174348  0.088032816955165  0.021057468168726  0.004403034289844
 -0.003583134934072 -0.007222331174348
    9 Orbital Energy    -0.685529 Occupation  1.000000 Symmetry Ap      
  0.023110397285422 -0.052744765670237 -0.127999738586847  0.114207133926889
 -0.000000000000000 -0.009709958655071 -0.005965271179114  0.003608779035605
 -0.000000000000000 -0.011828381758263  0.014527403366882  0.004217439970192
  0.004795526292453 -0.000000000000000 -0.000000000000000  0.058534819671164
 -0.126383452983343  0.093591504937660 -0.144820476575642  0.000000000000000
 -0.167154513467330  0.038591494946708 -0.061362683295629  0.000000000000000
 -0.003415223444044  0.013519755824213  0.003774524332472 -0.003051806688508
  0.000000000000000 -0.000000000000000 -0.002815119308846  0.007407345267371
 -0.023063838050352  0.023499980558093 -0.000000000000000  0.001749860871409
 -0.015614545849126  0.009303166786228 -0.000000000000000 -0.004433762638543
  0.004278531913661  0.000742007965379  0.000177088537246 -0.000000000000000
 -0.000000000000000 -0.141003475747342  0.284065519068258  0.026412390658753
 -0.036933651882148  0.000000000000000  0.252291648632993  0.015437783799143
 -0.013753501310704  0.000000000000000 -0.005236451477100 -0.010757839093370
 -0.005552771906465  0.003107704256462 -0.000000000000000  0.000000000000000
 -0.118254612962400  0.230592952308938 -0.021307796986000  0.024632080969114
 -0.000000000000000  0.222892833211140 -0.006434771279126  0.002779802563256
 -0.000000000000000 -0.005063477496034 -0.007581232418997 -0.003369661763778
  0.001610235199021 -0.000000000000000  0.000000000000000 -0.047837426926525
 -0.010156483504572  0.006414821133597  0.000363877456202  0.000000000000000
  0.115843557625172  0.038053564633939 -0.009598428028926  0.000606842495604
 -0.000000000000000  0.102960434557186  0.032482893190840  0.004055006182573
  0.003362335124563 -0.007637062389622  0.102960434557186  0.032482893190840
  0.004055006182573  0.003362335124563  0.007637062389622  0.078158902185037
  0.025128086108908 -0.007464460313450 -0.001708042834971 -0.000000000000000
  0.091938877318612  0.031016706019032  0.003691777003482 -0.002682016765509
  0.006722056134456  0.091938877318612  0.031016706019032  0.003691777003482
 -0.002682016765509 -0.006722056134456
   10 Orbital Energy    -0.590859 Occupation  1.000000 Symmetry Ap      
 -0.082037970707534  0.184268980468454  0.170135637555936 -0.067268140783363
  0.000000000000000  0.129117837510529  0.031348376706773  0.009462203618657
  0.000000000000000 -0.008097563275232 -0.002981592731946 -0.008592296719289
 -0.014808120455085 -0.000000000000000  0.000000000000000  0.034546050297937
 -0.076484183080962 -0.402211723185185 -0.054256615601951 -0.000000000000000
 -0.095610196282204 -0.174271852900196 -0.038719006302377 -0.000000000000000
 -0.001210562745743  0.001900030926196  0.002570614034662 -0.009521019482679
  0.000000000000000 -0.000000000000000  0.052738931453897 -0.118321363427715
  0.074440214995816 -0.015088895756295  0.000000000000000 -0.153699924739091
  0.041378146954410 -0.006204428139674  0.000000000000000  0.010074294866561
 -0.000290888568540 -0.000340700176511  0.002743304628484  0.000000000000000
  0.000000000000000 -0.047317022389831  0.097093157320488 -0.084335357709444
 -0.110718242105290  0.000000000000000  0.097772828600764 -0.026069563499277
 -0.039372684660560  0.000000000000000  0.000887544708007 -0.014290846814320
  0.004890969788270 -0.006754312530302  0.000000000000000  0.000000000000000
  0.023276446511882 -0.045634203975792  0.009336086299419 -0.060970468414168
  0.000000000000000 -0.055175980891034  0.008358415066674 -0.006989370198155
  0.000000000000000 -0.001568760943085  0.007490340756442 -0.000751974182121
 -0.002359017071706 -0.000000000000000 -0.000000000000000 -0.232385994323883
 -0.109648899717581  0.008318053823823  0.010743887214022 -0.000000000000000
  0.005933185268091 -0.005121887491302 -0.002323211399988 -0.001979379099511
 -0.000000000000000  0.075282076451623  0.033997969463526  0.000972913746020
  0.001027836128828 -0.004369878599209  0.075282076451623  0.033997969463526
  0.000972913746020  0.001027836128828  0.004369878599209 -0.033236389669500
 -0.028686761480018  0.001503440888323  0.000704690003405  0.000000000000000
 -0.030292914559974 -0.017117941080630 -0.001117834848110  0.000090730792208
 -0.002086399153707 -0.030292914559974 -0.017117941080630 -0.001117834848110
  0.000090730792208  0.002086399153707
   11 Orbital Energy    -0.498703 Occupation  1.000000 Symmetry Ap      
  0.063514968028373 -0.142342350125221  0.014116904037514 -0.196629826836973
  0.000000000000000 -0.118610410888726 -0.015533332565272 -0.067724367846269
  0.000000000000000  0.000133166564109  0.011849209565144  0.004069534806043
 -0.010413538636372  0.000000000000000 -0.000000000000000 -0.036236457235959
  0.086635354414230 -0.078345762226220 -0.282737848563299  0.000000000000000
  0.124623927997392 -0.035143817242245 -0.141438757771471  0.000000000000000
 -0.006268847828121 -0.001819952818096 -0.000247688697219  0.004841476401174
 -0.000000000000000  0.000000000000000 -0.011763658084614  0.030294508875987
  0.022954901295899 -0.092474881585594  0.000000000000000  0.018049221372406
  0.003635753486356 -0.055675507738687  0.000000000000000  0.004136199075085
 -0.005180633601613  0.001433822410931 -0.005683140305743  0.000000000000000
 -0.000000000000000  0.028336376199484 -0.054646435926170 -0.172416277009755
  0.211628966991092 -0.000000000000000 -0.083408147533556 -0.068215036557076
  0.063014420497498 -0.000000000000000 -0.008881671964752  0.018922131679528
 -0.003725667477646 -0.010693932139471 -0.000000000000000 -0.000000000000000
 -0.041851504236245  0.083835835232538 -0.039466387148670  0.236413336898671
 -0.000000000000000  0.100566024100826 -0.010685311877088  0.089234945418372
 -0.000000000000000  0.003119672550859 -0.015814974877599  0.007206643485442
 -0.000141081243470  0.000000000000000  0.000000000000000 -0.095106413857143
 -0.065596220771251  0.004554112144865 -0.001479428503475  0.000000000000000
 -0.138435897138624 -0.094974510139716  0.005538552175779  0.001380198480659
  0.000000000000000 -0.042529816344498 -0.025922367264311 -0.003905636749750
  0.001844218849575  0.002371026470209 -0.042529816344498 -0.025922367264311
 -0.003905636749750  0.001844218849575 -0.002371026470209  0.058174117226489
  0.032188795621829 -0.005188356138705  0.003094243133878 -0.000000000000000
  0.094521635859720  0.059623899820151  0.002311005929662  0.002164376185502
  0.005004153927773  0.094521635859720  0.059623899820151  0.002311005929662
  0.002164376185502 -0.005004153927773
   12 Orbital Energy    -0.459489 Occupation  1.000000 Symmetry App     
  0.000000000000000  0.000000000000000  0.000000000000000 -0.000000000000000
  0.227437667752338  0.000000000000000  0.000000000000000 -0.000000000000000
  0.096511716421462  0.000000000000000  0.000000000000000  0.000000000000000
 -0.000000000000000  0.004907494663965 -0.002334181502089  0.000000000000000
  0.000000000000000  0.000000000000000 -0.000000000000000  0.254487125146554
  0.000000000000000  0.000000000000000 -0.000000000000000  0.157942215093306
 -0.000000000000000  0.000000000000000 -0.000000000000000  0.000000000000000
 -0.005740103607094 -0.003633632183988  0.000000000000000  0.000000000000000
  0.000000000000000 -0.000000000000000  0.141390914809248  0.000000000000000
  0.000000000000000 -0.000000000000000  0.078491487462015  0.000000000000000
 -0.000000000000000  0.000000000000000 -0.000000000000000  0.010185190295564
  0.006473351806177  0.000000000000000  0.000000000000000  0.000000000000000
 -0.000000000000000  0.276570418924697  0.000000000000000  0.000000000000000
 -0.000000000000000  0.114030281632319 -0.000000000000000  0.000000000000000
 -0.000000000000000  0.000000000000000 -0.009994171242499 -0.000486911391058
  0.000000000000000  0.000000000000000  0.000000000000000 -0.000000000000000
  0.214823114978506  0.000000000000000  0.000000000000000 -0.000000000000000
  0.100958966500744 -0.000000000000000  0.000000000000000 -0.000000000000000
  0.000000000000000 -0.007177129802090 -0.001335588294918  0.000000000000000
  0.000000000000000  0.000000000000000 -0.000000000000000  0.007303943497523
  0.000000000000000  0.000000000000000  0.000000000000000 -0.000000000000000
  0.005211166550833  0.129599208046211  0.097570029836915  0.002936449603042
  0.003904645397256 -0.001292160007919 -0.129599208046211 -0.097570029836915
 -0.002936449603042 -0.003904645397256 -0.001292160007919  0.000000000000000
  0.000000000000000  0.000000000000000 -0.000000000000000  0.004078924702328
 -0.103208479660410 -0.073310579324864 -0.002959433573103  0.002854018721559
 -0.001139275601072  0.103208479660410  0.073310579324864  0.002959433573103
 -0.002854018721559 -0.001139275601072
   13 Orbital Energy    -0.457770 Occupation  1.000000 Symmetry Ap      
 -0.060463008184413  0.139545096853443 -0.200256200658198  0.104883430653830
 -0.000000000000000  0.155521669059898 -0.041914384304521  0.046370723160399
 -0.000000000000000 -0.011718744858014 -0.000558011018055 -0.003216695011561
 -0.009202152589956 -0.000000000000000 -0.000000000000000 -0.007368276841735
  0.020504161028675  0.069977919726253 -0.201672963367402  0.000000000000000
  0.030818998113784  0.033120360878190 -0.121820039060896  0.000000000000000
  0.000710228340360  0.000867563284441  0.000613631559956 -0.005126959817039
  0.000000000000000 -0.000000000000000  0.069630252775700 -0.144844568021891
  0.116365291259304  0.220541948749016 -0.000000000000000 -0.285254826596344
  0.050420038438621  0.113179122333192 -0.000000000000000  0.007831705970152
  0.016847980955810  0.001702758435111  0.012857700412940  0.000000000000000
 -0.000000000000000  0.006935218263488 -0.008384746326902  0.000798291948852
  0.186331556276796 -0.000000000000000 -0.035265466119184  0.023180004508121
  0.058272958633516 -0.000000000000000 -0.003665878107914  0.011781886986907
 -0.007144600973506 -0.003623778079947 -0.000000000000000 -0.000000000000000
  0.006713948038130 -0.009572668608734 -0.240147824904597 -0.167506606054183
 -0.000000000000000 -0.017982480900977 -0.099463048037137 -0.050656793037839
 -0.000000000000000 -0.013300071479076  0.010907173008249  0.004857380896433
 -0.000719399420116 -0.000000000000000 -0.000000000000000 -0.036073056384189
 -0.033243485296392  0.004030976711721 -0.005326476532156  0.000000000000000
 -0.020441774699418 -0.024509833805745  0.001375323581634  0.002882223570171
 -0.000000000000000 -0.055162252957552 -0.044457474385136 -0.001427764039435
  0.001343390298194  0.002673141626888 -0.055162252957552 -0.044457474385136
 -0.001427764039435  0.001343390298194 -0.002673141626888 -0.184000341265944
 -0.158529795604692  0.004879595369857  0.002675767525385  0.000000000000000
  0.027257080391205  0.016965757000560 -0.003722793453103 -0.004241386066586
  0.000866930980086  0.027257080391205  0.016965757000560 -0.003722793453103
 -0.004241386066586 -0.000866930980086
   14 Orbital Energy    -0.423712 Occupation  1.000000 Symmetry App     
  0.000000000000000  0.000000000000000 -0.000000000000000  0.000000000000000
 -0.107876940274057  0.000000000000000 -0.000000000000000  0.000000000000000
 -0.051678766165236  0.000000000000000  0.000000000000000  0.000000000000000
 -0.000000000000000  0.006353531333495 -0.009020744034379  0.000000000000000
  0.000000000000000  0.000000000000000 -0.000000000000000  0.078608566210332
  0.000000000000000  0.000000000000000 -0.000000000000000  0.049281594150934
  0.000000000000000  0.000000000000000  0.000000000000000 -0.000000000000000
  0.004089130971475 -0.010028628325170  0.000000000000000  0.000000000000000
 -0.000000000000000  0.000000000000000 -0.075711688120153  0.000000000000000
 -0.000000000000000  0.000000000000000 -0.041681042608671 -0.000000000000000
  0.000000000000000 -0.000000000000000 -0.000000000000000 -0.004237582860710
 -0.004431943234898  0.000000000000000  0.000000000000000  0.000000000000000
 -0.000000000000000  0.301533901892619  0.000000000000000  0.000000000000000
 -0.000000000000000  0.138371810430230 -0.000000000000000  0.000000000000000
 -0.000000000000000  0.000000000000000 -0.009585471597374 -0.007250572516087
  0.000000000000000  0.000000000000000 -0.000000000000000  0.000000000000000
 -0.323992825722975  0.000000000000000 -0.000000000000000  0.000000000000000
 -0.149096061098176  0.000000000000000  0.000000000000000  0.000000000000000
 -0.000000000000000  0.012737626863116 -0.004572063317398  0.000000000000000
  0.000000000000000  0.000000000000000 -0.000000000000000  0.002289581456152
  0.000000000000000  0.000000000000000  0.000000000000000 -0.000000000000000
  0.005768645539409  0.150536269635582  0.113699656411147  0.003639842735176
  0.003652325885377 -0.001393183437900 -0.150536269635582 -0.113699656411147
 -0.003639842735176 -0.003652325885377 -0.001393183437900  0.000000000000000
  0.000000000000000 -0.000000000000000  0.000000000000000 -0.005979018446231
  0.167922979275568  0.133330133104701  0.004630578117666 -0.003615339537756
  0.001647015166631 -0.167922979275568 -0.133330133104701 -0.004630578117666
  0.003615339537756  0.001647015166631
   15 Orbital Energy    -0.404949 Occupation  1.000000 Symmetry Ap      
  0.019977967502845 -0.049629404441423 -0.011221831410920  0.202842188566866
 -0.000000000000000 -0.062924165994735 -0.049012628906745  0.023075510342054
 -0.000000000000000  0.003195858297235  0.001945057587865  0.003955959585640
 -0.002109683474441  0.000000000000000 -0.000000000000000 -0.007745397161028
  0.012100798519892  0.099650247460175  0.025475427915432  0.000000000000000
  0.065249260074825  0.034042899615540  0.042359454924815  0.000000000000000
 -0.010628192815049  0.007781632414131 -0.000447396162109  0.010174951643903
 -0.000000000000000  0.000000000000000 -0.026368787616517  0.054728530040020
 -0.187823358013559 -0.019061206278941 -0.000000000000000  0.100135045959272
 -0.106794013879915 -0.011124789903876 -0.000000000000000 -0.014278959093492
  0.002966067098031  0.000712745579247 -0.005085450850626 -0.000000000000000
 -0.000000000000000 -0.006286909789950  0.016850742217372 -0.381568864602355
 -0.088305750168043 -0.000000000000000  0.030924873990204 -0.145679590667157
 -0.041472347138223 -0.000000000000000 -0.020566984097105  0.005745442648412
  0.015160922056528  0.007146720777320 -0.000000000000000 -0.000000000000000
  0.000981038843400 -0.002733087649420 -0.066647563399717 -0.136081199106073
  0.000000000000000  0.028419458909207 -0.022457847438570 -0.081244922635059
  0.000000000000000 -0.005590687846084  0.005464023818577 -0.001309925773398
 -0.002194286558270 -0.000000000000000 -0.000000000000000  0.062355943820673
  0.032155009909730 -0.002756328424398 -0.000699942074683 -0.000000000000000
 -0.245673188232931 -0.236371226080173  0.005872391919129 -0.003956457971964
  0.000000000000000  0.124965949366760  0.104676508718676 -0.004247146415300
  0.001416153894255 -0.005631356076556  0.124965949366760  0.104676508718676
 -0.004247146415300  0.001416153894255  0.005631356076556 -0.071961749136771
 -0.058785492862893  0.002516400310990 -0.001609770607154  0.000000000000000
 -0.011313591215840 -0.004644381831084 -0.001743090476126 -0.002323788359561
 -0.000295898917150 -0.011313591215840 -0.004644381831084 -0.001743090476126
 -0.002323788359561  0.000295898917150
   16 Orbital Energy    -0.390018 Occupation  1.000000 Symmetry Ap      
 -0.023651972378237  0.056927560889814 -0.161419299748746  0.071556587293782
 -0.000000000000000  0.024287715276983 -0.025389531982000  0.024264566528239
 -0.000000000000000 -0.011805912609804  0.005180556507567 -0.001903632021202
  0.015069214914381 -0.000000000000000  0.000000000000000  0.017882070430576
 -0.041607602472665  0.091427585052875 -0.198713532712674  0.000000000000000
 -0.070533467706075  0.024397665079307 -0.086345923794313  0.000000000000000
 -0.002449346203451  0.008903642580321 -0.000262750304533 -0.001886965131241
 -0.000000000000000 -0.000000000000000  0.027650442359259 -0.055818101694276
  0.107844471900127  0.139532746487739 -0.000000000000000 -0.118667271929604
  0.060138301160341  0.078119862130810 -0.000000000000000  0.003665786048299
  0.008341596752626  0.000230079768691  0.008628414460812 -0.000000000000000
 -0.000000000000000 -0.007924715016828  0.020401114455875 -0.098329979667814
  0.145469004728364 -0.000000000000000  0.043474044177612 -0.026321774116885
  0.063076098294006 -0.000000000000000 -0.008237102655326  0.009800951842446
 -0.002557432163534 -0.001175049029586 -0.000000000000000 -0.000000000000000
 -0.001832635714481  0.002615031995552  0.366834370613177 -0.111935443136181
  0.000000000000000  0.021196962268609  0.152746862526961 -0.059609132234466
  0.000000000000000  0.011264834456669  0.005820032089586 -0.016305953027673
  0.013195969401907 -0.000000000000000  0.000000000000000 -0.034560430338648
 -0.007395946740032  0.004830638894882 -0.001328251653581  0.000000000000000
 -0.072074563086516 -0.082985095791693  0.002150915788032  0.001551243978425
  0.000000000000000 -0.009362713987652 -0.014868519628989 -0.002150851788139
  0.001858933963543  0.000445230499126 -0.009362713987652 -0.014868519628989
 -0.002150851788139  0.001858933963543 -0.000445230499126  0.215159860582696
  0.199916424189237 -0.003490406409040 -0.005765478218278  0.000000000000000
 -0.142233266467059 -0.128925814279843  0.003368824572524  0.000257789226703
 -0.006490744286900 -0.142233266467059 -0.128925814279843  0.003368824572524
  0.000257789226703  0.006490744286900
   17 Orbital Energy    -0.380566 Occupation  1.000000 Symmetry Ap      
 -0.016965421478213  0.042334449226563 -0.180666932940239 -0.251344339260723
  0.000000000000000  0.026003639419495  0.017431208726887 -0.009848857628354
  0.000000000000000  0.002068461722081 -0.009557732628063 -0.005042940915813
  0.012311033435212 -0.000000000000000  0.000000000000000  0.006825262943878
 -0.019034879213125  0.101087806335881  0.182878187638533 -0.000000000000000
 -0.034794039417765  0.045951492913628  0.055455306559718  0.000000000000000
  0.008825340404276 -0.006402001601981 -0.000522718069558  0.017085248258438
  0.000000000000000  0.000000000000000  0.061629579333058 -0.129885994233815
  0.366928012623576  0.165495006491838  0.000000000000000 -0.242111084812342
  0.214036616588622  0.088149693905046  0.000000000000000  0.022794478424074
  0.002279380920067 -0.001877111533572  0.012114713651963  0.000000000000000
  0.000000000000000  0.006331685335481 -0.016967799736773 -0.115829224858257
 -0.198129285827688  0.000000000000000 -0.036433372171738 -0.047754027061970
 -0.098939122775828  0.000000000000000 -0.004297778211260 -0.006423195490302
  0.010982846782040  0.009431898514090  0.000000000000000  0.000000000000000
  0.010213395616522 -0.019259133895348 -0.036606732105638  0.183148026907478
 -0.000000000000000 -0.087369963776220 -0.032885414868097  0.104632335735281
 -0.000000000000000  0.004234925557314 -0.006907349964783  0.005510605707451
  0.003153014985664  0.000000000000000  0.000000000000000  0.140820026783810
  0.132423354964283 -0.004981477837609  0.001616937699409 -0.000000000000000
 -0.073408872640339 -0.067657092648298  0.001669964893310 -0.003539452131070
  0.000000000000000  0.082271629843604  0.071466525027676 -0.000607980742411
 -0.001251539358034 -0.003388789996806  0.082271629843604  0.071466525027676
 -0.000607980742411 -0.001251539358034  0.003388789996806  0.023317461404779
  0.046298433927194 -0.000554101219018  0.002798420193043 -0.000000000000000
  0.043031191333544  0.034925276622002  0.000779567641729  0.002495841915813
  0.001746588616969  0.043031191333544  0.034925276622002  0.000779567641729
  0.002495841915813 -0.001746588616969
   18 Orbital Energy    -0.345703 Occupation  1.000000 Symmetry App     
  0.000000000000000  0.000000000000000  0.000000000000000 -0.000000000000000
  0.290082973895622  0.000000000000000  0.000000000000000 -0.000000000000000
  0.167509569178991 -0.000000000000000  0.000000000000000  0.000000000000000
 -0.000000000000000 -0.004062928619662 -0.020338084025321  0.000000000000000
  0.000000000000000  0.000000000000000 -0.000000000000000  0.201939676439398
  0.000000000000000  0.000000000000000 -0.000000000000000  0.141499425133554
 -0.000000000000000 -0.000000000000000 -0.000000000000000  0.000000000000000
 -0.010302200290445  0.007322816229021  0.000000000000000  0.000000000000000
  0.000000000000000 -0.000000000000000  0.344786767794853  0.000000000000000
  0.000000000000000 -0.000000000000000  0.216183601982461  0.000000000000000
 -0.000000000000000  0.000000000000000 -0.000000000000000  0.019518851357204
  0.012510015075643  0.000000000000000  0.000000000000000 -0.000000000000000
  0.000000000000000 -0.178027037368175  0.000000000000000 -0.000000000000000
  0.000000000000000 -0.091518008450507  0.000000000000000 -0.000000000000000
 -0.000000000000000  0.000000000000000  0.003917862908991  0.014054743334416
  0.000000000000000  0.000000000000000 -0.000000000000000  0.000000000000000
 -0.222866933282537  0.000000000000000 -0.000000000000000  0.000000000000000
 -0.113388781102972  0.000000000000000  0.000000000000000  0.000000000000000
 -0.000000000000000  0.010689269202863 -0.014823836219092  0.000000000000000
  0.000000000000000  0.000000000000000 -0.000000000000000  0.005622947786322
  0.000000000000000  0.000000000000000 -0.000000000000000  0.000000000000000
 -0.003732135819913 -0.104247970924471 -0.082876762195379 -0.002943728465075
 -0.001108024159374  0.000753281348061  0.104247970924471  0.082876762195379
  0.002943728465075  0.001108024159374  0.000753281348061  0.000000000000000
  0.000000000000000 -0.000000000000000  0.000000000000000 -0.004245825965574
  0.136590317678448  0.123814583923681  0.003485277242703 -0.000659538006191
  0.001000023021866 -0.136590317678448 -0.123814583923681 -0.003485277242703
  0.000659538006191  0.001000023021866
   19 Orbital Energy    -0.248331 Occupation  1.000000 Symmetry App     
  0.000000000000000  0.000000000000000 -0.000000000000000  0.000000000000000
 -0.016228748640494  0.000000000000000 -0.000000000000000  0.000000000000000
 -0.059840046217700  0.000000000000000 -0.000000000000000  0.000000000000000
 -0.000000000000000  0.040471960877428  0.005848883801882  0.000000000000000
  0.000000000000000  0.000000000000000 -0.000000000000000  0.471875692024140
  0.000000000000000  0.000000000000000 -0.000000000000000  0.414155387368164
 -0.000000000000000 -0.000000000000000 -0.000000000000000  0.000000000000000
 -0.000241221622972  0.007167478681539  0.000000000000000  0.000000000000000
 -0.000000000000000  0.000000000000000 -0.399916055645739  0.000000000000000
 -0.000000000000000  0.000000000000000 -0.289998653077648 -0.000000000000000
  0.000000000000000 -0.000000000000000  0.000000000000000 -0.014571542120502
 -0.010881788591062  0.000000000000000  0.000000000000000 -0.000000000000000
  0.000000000000000 -0.112059845237076  0.000000000000000 -0.000000000000000
  0.000000000000000 -0.042289669585232  0.000000000000000 -0.000000000000000
 -0.000000000000000  0.000000000000000  0.003018136866736  0.024013187349017
  0.000000000000000  0.000000000000000 -0.000000000000000  0.000000000000000
 -0.001822096642540  0.000000000000000  0.000000000000000 -0.000000000000000
  0.069945561735000  0.000000000000000  0.000000000000000  0.000000000000000
 -0.000000000000000  0.002655647051413 -0.000385949323051  0.000000000000000
  0.000000000000000  0.000000000000000 -0.000000000000000  0.015174831353010
  0.000000000000000  0.000000000000000 -0.000000000000000  0.000000000000000
 -0.002631780156435 -0.098205774692384 -0.143036846021840 -0.001925431040412
 -0.000355771219621  0.001165706057667  0.098205774692384  0.143036846021840
  0.001925431040412  0.000355771219621  0.001165706057667  0.000000000000000
  0.000000000000000  0.000000000000000 -0.000000000000000  0.000135748110787
  0.006930310058078  0.052188630073073  0.000481286635597 -0.001332553194503
  0.000315694994087 -0.006930310058078 -0.052188630073073 -0.000481286635597
  0.001332553194503  0.000315694994087
   20 Orbital Energy    -0.237964 Occupation  1.000000 Symmetry Ap      
  0.011169904208409 -0.023606989200803  0.003839875429663 -0.074702919032640
  0.000000000000000 -0.110427249516890 -0.111105850800132  0.109925909010168
 -0.000000000000000  0.040012251709715 -0.041184940583023 -0.001812206212953
 -0.016080330635314  0.000000000000000  0.000000000000000 -0.038682042756861
  0.073858693054725 -0.146883199493421  0.042720902020009 -0.000000000000000
  0.334983682206110 -0.158416178381965  0.031518895849447 -0.000000000000000
 -0.008089191732243 -0.007629402142113 -0.003692305150764 -0.001621073101421
 -0.000000000000000  0.000000000000000 -0.002044431983556  0.006043224615708
 -0.327087235641290  0.500060035937281 -0.000000000000000  0.011850876816010
 -0.226981148109930  0.350460588709000 -0.000000000000000 -0.017937831399584
  0.017966361479796  0.000320815786020  0.009499003953545 -0.000000000000000
 -0.000000000000000 -0.002202383921746  0.009645753513430  0.000556083937617
 -0.044700260511174  0.000000000000000  0.010632929341025  0.064465644210461
 -0.055190574294050  0.000000000000000 -0.001406846650395 -0.000228179687871
  0.001962135829886 -0.002519120285652  0.000000000000000 -0.000000000000000
  0.030795279431781 -0.063305587861831  0.032549065373477  0.203214498174122
 -0.000000000000000 -0.232115678779908 -0.008469084368912  0.144737317275973
 -0.000000000000000  0.008156055129406 -0.003244760261472  0.000606109511000
  0.003264580875932  0.000000000000000  0.000000000000000 -0.043106376913056
 -0.060923357952127 -0.002377055753254  0.002214009442094 -0.000000000000000
  0.005917274515005 -0.033055893848510 -0.000321809470265 -0.001243412069417
  0.000000000000000  0.011083282891128 -0.011857830457414  0.001006172308360
 -0.000658572677433 -0.000270722598351  0.011083282891128 -0.011857830457414
  0.001006172308360 -0.000658572677433  0.000270722598351  0.054136158309612
  0.116118756304364 -0.001795991948646  0.003097598385845 -0.000000000000000
  0.006469728712556  0.036383329491941  0.000654804991687  0.003522766176619
  0.000662296399948  0.006469728712556  0.036383329491941  0.000654804991687
  0.003522766176619 -0.000662296399948
   21 Orbital Energy     0.040949 Occupation  0.000000 Symmetry App     
  0.000000000000000  0.000000000000000  0.000000000000000 -0.000000000000000
  0.517504591188978  0.000000000000000  0.000000000000000 -0.000000000000000
  0.509971704005956  0.000000000000000 -0.000000000000000 -0.000000000000000
  0.000000000000000  0.012459769868113  0.023014087543485  0.000000000000000
  0.000000000000000 -0.000000000000000  0.000000000000000 -0.264789002251049
  0.000000000000000 -0.000000000000000  0.000000000000000 -0.297891577416029
 -0.000000000000000 -0.000000000000000 -0.000000000000000  0.000000000000000
 -0.028798271650377  0.014590775913004  0.000000000000000  0.000000000000000
 -0.000000000000000  0.000000000000000 -0.351632543968536  0.000000000000000
 -0.000000000000000  0.000000000000000 -0.379609094222498  0.000000000000000
 -0.000000000000000  0.000000000000000  0.000000000000000  0.003264273224286
  0.002962442546219  0.000000000000000  0.000000000000000 -0.000000000000000
  0.000000000000000 -0.029191574330532  0.000000000000000 -0.000000000000000
  0.000000000000000 -0.192965546129588 -0.000000000000000  0.000000000000000
  0.000000000000000 -0.000000000000000 -0.003677881338760 -0.020859269383221
  0.000000000000000  0.000000000000000  0.000000000000000 -0.000000000000000
  0.038333491989058  0.000000000000000  0.000000000000000 -0.000000000000000
  0.257959533305642  0.000000000000000  0.000000000000000  0.000000000000000
 -0.000000000000000  0.010534309119213 -0.034301022944900  0.000000000000000
  0.000000000000000 -0.000000000000000  0.000000000000000 -0.013197713832799
  0.000000000000000  0.000000000000000 -0.000000000000000  0.000000000000000
 -0.000506808041422  0.061220406060467  0.261080637611047  0.000664801089564
 -0.001588941277649 -0.000010671106907 -0.061220406060467 -0.261080637611047
 -0.000664801089564  0.001588941277649 -0.000010671106907  0.000000000000000
  0.000000000000000 -0.000000000000000  0.000000000000000 -0.000922841412235
  0.099551504527187  0.427921347393920  0.000392697526256  0.005063214790079
  0.000914076724206 -0.099551504527187 -0.427921347393920 -0.000392697526256
 -0.005063214790079  0.000914076724206
   22 Orbital Energy     0.062639 Occupation  0.000000 Symmetry Ap      
  0.008334864322649  0.007153876641150 -0.019345036627005  0.048796959150869
 -0.000000000000000 -0.088043231349089  0.037960210107657 -0.011621331246483
  0.000000000000000  0.009882025108329 -0.002428381783608 -0.001942988411373
  0.014975287721907  0.000000000000000  0.000000000000000 -0.071962390969841
  0.117166277134772  0.205713133131766  0.125446556766298  0.000000000000000
  0.949978002983616  0.462064823404217  0.289852765748027  0.000000000000000
 -0.019031770248702 -0.009186762959253 -0.017730670345778 -0.014196376690919
 -0.000000000000000  0.000000000000000 -0.017260331963901  0.052372365677780
  0.086851261584775 -0.005188900898148  0.000000000000000  0.097625852610812
  0.097576285530464  0.017430969786742  0.000000000000000  0.004387475881945
  0.001187217669990  0.001359113310689  0.006649516315770  0.000000000000000
  0.000000000000000 -0.037287742035075  0.044178458837890  0.136173725166622
 -0.060142133309863  0.000000000000000  0.610950258975286  0.290335801337201
 -0.199881118421970  0.000000000000000 -0.015884659484462  0.004455472462252
 -0.003708700784496  0.002273836307586 -0.000000000000000  0.000000000000000
 -0.046656683529465  0.049601176041517  0.109520663138829  0.086816114081150
  0.000000000000000  0.756213530493867  0.259475402662434  0.211956673679297
  0.000000000000000 -0.009404443404466  0.000970735227323 -0.006625505147332
 -0.002142336064449 -0.000000000000000  0.000000000000000 -0.094751635841000
 -1.297020681331855 -0.008785202449579 -0.006335858787172 -0.000000000000000
 -0.039807835834431 -0.675762353636015 -0.004524885693431 -0.005183029754716
 -0.000000000000000  0.005353228594042 -0.128162624836541  0.004107122128558
 -0.002136544136959 -0.000270868081158  0.005353228594042 -0.128162624836541
  0.004107122128558 -0.002136544136959  0.000270868081158 -0.024068737414667
 -0.653941292920132 -0.007004119791878  0.002771446924364 -0.000000000000000
 -0.006349875961421 -0.201004542123541  0.002851288797323  0.002810994874087
  0.000648384109511 -0.006349875961421 -0.201004542123541  0.002851288797323
  0.002810994874087 -0.000648384109511
   23 Orbital Energy     0.119221 Occupation  0.000000 Symmetry Ap      
 -0.005498404139398 -0.004915457053486  0.020554127259567  0.000712202089994
  0.000000000000000  0.015971857229506  0.032907640572107  0.083993795222163
 -0.000000000000000 -0.006044794964738 -0.004682223726643  0.001855805831456
  0.005194701127719 -0.000000000000000  0.000000000000000  0.021813213498751
 -0.024014681303728 -0.007598485030350  0.030955539048356 -0.000000000000000
 -0.317736393245213 -0.095243083666350  0.173769711726864 -0.000000000000000
  0.001276138774120  0.017827147192181  0.001812964048119 -0.007197173213745
  0.000000000000000 -0.000000000000000 -0.004319932876347  0.008931491807309
  0.042037877593495 -0.057153547272639  0.000000000000000  0.052578461796337
  0.041888655948698 -0.020262218694315  0.000000000000000  0.002643736180491
 -0.002964301180022  0.000294921752875  0.001787204237410  0.000000000000000
  0.000000000000000 -0.123150508764809  0.166991965164381  0.077067425155477
 -0.054778539064385  0.000000000000000  1.964597189557339  0.134672632252006
 -0.177768737240431  0.000000000000000 -0.011989290081537 -0.009478468973678
 -0.011477889127874 -0.000383114894140 -0.000000000000000  0.000000000000000
  0.094940757253477 -0.117891942177389 -0.022202831576783 -0.114444846461528
  0.000000000000000 -1.536429027157458 -0.018891484326621 -0.321227400037474
  0.000000000000000  0.010413799068090  0.004710638579891  0.012644752738851
 -0.003590258206544  0.000000000000000 -0.000000000000000  0.000109818035730
  0.043798678037400 -0.003849672531868  0.008513382485428 -0.000000000000000
 -0.016023758538094 -1.031671595543236 -0.006282084754602 -0.001152315474416
 -0.000000000000000 -0.026494399274561 -0.798279141288150  0.002800404875605
  0.000442797376222 -0.002790008236188 -0.026494399274561 -0.798279141288150
  0.002800404875605  0.000442797376222  0.002790008236188  0.004733785277161
  0.750209538377102  0.005889793865989 -0.003034999805399  0.000000000000000
  0.028025815793962  0.728707173603936 -0.002472064139125 -0.001047055354330
 -0.003558753203025  0.028025815793962  0.728707173603936 -0.002472064139125
 -0.001047055354330  0.003558753203025
   24 Orbital Energy     0.131562 Occupation  0.000000 Symmetry Ap      
  0.027370776814531  0.034509273589395 -0.025341028749885 -0.030932715033576
 -0.000000000000000 -0.781121540424112  0.081162434179157  0.047838482727894
  0.000000000000000 -0.000398649441331  0.016238151866296 -0.003360309348267
 -0.019932082480587  0.000000000000000 -0.000000000000000 -0.011810123892986
  0.046917015842643 -0.094978404778743 -0.042529985568695 -0.000000000000000
  0.094118905050505 -0.250017874769751 -0.105581956462013 -0.000000000000000
  0.013416675406475  0.009471050564354 -0.006613184557644  0.015073509683748
 -0.000000000000000  0.000000000000000 -0.013123372814614  0.000411217685034
 -0.006512073537982 -0.015569204772577  0.000000000000000  0.302351088960612
  0.102440138674440  0.062388337545725  0.000000000000000  0.001524113143973
 -0.004861351958562 -0.016142790513063  0.006241996816037 -0.000000000000000
  0.000000000000000 -0.061169973371666  0.076047681881570 -0.103714407210586
 -0.183119088241197  0.000000000000000  1.063246126937814 -0.357693232742378
 -0.536241114644176  0.000000000000000 -0.001446153972740 -0.003150800532708
 -0.016626635011753 -0.007762481112750 -0.000000000000000  0.000000000000000
 -0.092631961191941  0.117488268459666 -0.175530595643344  0.042253771715239
 -0.000000000000000  1.467116368449897 -0.617811449272539  0.102958407620102
 -0.000000000000000 -0.002368079716939 -0.006438621528487 -0.014967862987613
  0.005278968903883 -0.000000000000000  0.000000000000000  0.070736994632308
  0.426832013076339  0.002966959795689  0.004344401449614 -0.000000000000000
  0.030312123034709  0.041271088292000 -0.002341493951499 -0.004782170908364
  0.000000000000000 -0.046071415004445 -0.916178661293891 -0.000084338216661
 -0.002995133310840 -0.004906115930191 -0.046071415004445 -0.916178661293891
 -0.000084338216661 -0.002995133310840  0.004906115930191  0.031647103448770
  0.112057177996735 -0.001226752834640 -0.001286794253889 -0.000000000000000
 -0.034685493492946 -1.012275685677621 -0.001577299884969  0.000349517744640
  0.005603930300512 -0.034685493492946 -1.012275685677621 -0.001577299884969
  0.000349517744640 -0.005603930300512
   25 Orbital Energy     0.163109 Occupation  0.000000 Symmetry Ap      
 -0.004050892889279  0.002414408623557 -0.065654360218096  0.016994424950740
 -0.000000000000000  0.016521186393087 -0.018718816667634 -0.016856070656621
 -0.000000000000000 -0.001214722741292 -0.000078226109320 -0.002521909301852
 -0.024066337328087  0.000000000000000 -0.000000000000000 -0.042974435364573
  0.066149656590312 -0.005952194197206 -0.058748046674555  0.000000000000000
  0.585160399786590 -0.028407450244858 -0.193081534163696  0.000000000000000
 -0.011852779463640 -0.018357256578065 -0.001360090468531 -0.007732059362435
 -0.000000000000000  0.000000000000000  0.009975220842857 -0.035351026714710
 -0.001695152835828 -0.095316060702703  0.000000000000000 -0.052324533052505
 -0.015158020383344 -0.095324805360690  0.000000000000000 -0.004606011141380
  0.000023083197775 -0.004064149069645 -0.000039656293195 -0.000000000000000
  0.000000000000000  0.041293354084684 -0.061236659527803  0.278674035995808
 -0.000403663413140  0.000000000000000 -0.609706184428331  0.815328321014392
 -0.095085955365522  0.000000000000000 -0.008497175300121  0.010742198591708
  0.006386412991581 -0.004104795889124 -0.000000000000000 -0.000000000000000
  0.015283448259203 -0.010095507499128 -0.288269611221234 -0.043476457846295
 -0.000000000000000 -0.299504347241881 -0.975102973931388 -0.082910511294029
 -0.000000000000000  0.012164496871401  0.004031644232418 -0.009799283193558
  0.016632116750891 -0.000000000000000  0.000000000000000 -0.046965035599772
 -0.238976578372331 -0.007202308846321  0.002912912327004 -0.000000000000000
 -0.046765554027336 -0.865899989634006 -0.002684391956871 -0.004298431699602
  0.000000000000000  0.014201344368336  0.668924104979571  0.005664896780199
 -0.002197836641713  0.004659842154220  0.014201344368336  0.668924104979571
  0.005664896780199 -0.002197836641713 -0.004659842154220  0.102719971976027
  1.483200065211720  0.002748137161790  0.005661803928774 -0.000000000000000
 -0.045351275499156 -0.499668841192394 -0.006031942235837 -0.002799737496982
  0.003879774848950 -0.045351275499156 -0.499668841192394 -0.006031942235837
 -0.002799737496982 -0.003879774848950
   26 Orbital Energy     0.167304 Occupation  0.000000 Symmetry Ap      
 -0.037863472087204  0.092858544718561  0.140428640145913 -0.019558933701809
  0.000000000000000  0.245944497348647  0.236298468857130  0.039471963142950
  0.000000000000000 -0.001772430065631 -0.009514357395180  0.001424251011631
  0.013281053388943 -0.000000000000000  0.000000000000000  0.105233254408124
 -0.158596767800095 -0.097588615198849  0.144075717767670 -0.000000000000000
 -1.651120974669694 -0.341495977834846  0.405671767029796 -0.000000000000000
  0.024296961668657  0.014750662545561  0.024731436236563 -0.019734066998840
  0.000000000000000 -0.000000000000000 -0.005810469969547  0.012834041841145
 -0.026873954125022  0.050500754451372 -0.000000000000000  0.095444668073679
 -0.011641554144347  0.071800956230746 -0.000000000000000  0.000852548008032
 -0.002527785835184  0.002029477716230  0.003616878720508  0.000000000000000
  0.000000000000000 -0.076616412332672  0.084456056632899  0.148691222577134
  0.209279073870070 -0.000000000000000  1.221467006317028  0.537510271961056
  1.006792087153306 -0.000000000000000 -0.006207353690790 -0.023515787461019
  0.014035449096948  0.017899376684322 -0.000000000000000  0.000000000000000
 -0.035677924377307  0.036710805717858 -0.015122285039723  0.162713040905585
 -0.000000000000000  0.760193003089224 -0.050441378625581  0.429841084262745
 -0.000000000000000 -0.009437717869892  0.003510733712910 -0.003476632173679
 -0.015232919096515 -0.000000000000000 -0.000000000000000  0.034090050524698
  0.721178149324200  0.005870943162353 -0.001980384966022  0.000000000000000
 -0.058333426293529 -1.184098237165566 -0.002742547873511  0.013774836605738
 -0.000000000000000  0.057965408988826  0.279143404578170  0.001443519536061
  0.007269960731901  0.003416980566194  0.057965408988826  0.279143404578170
  0.001443519536061  0.007269960731901 -0.003416980566194 -0.057047349341369
 -0.564441376736691 -0.000446620319127 -0.002731309970758  0.000000000000000
  0.002409142280236 -0.448640315837712  0.001244649646328  0.005900253882039
  0.003161663854177  0.002409142280236 -0.448640315837712  0.001244649646328
  0.005900253882039 -0.003161663854177
   27 Orbital Energy     0.174816 Occupation  0.000000 Symmetry App     
  0.000000000000000  0.000000000000000  0.000000000000000 -0.000000000000000
  0.008625110002484  0.000000000000000  0.000000000000000 -0.000000000000000
  0.205965376837824  0.000000000000000  0.000000000000000  0.000000000000000
 -0.000000000000000  0.006690110729697 -0.012592193300478  0.000000000000000
  0.000000000000000  0.000000000000000 -0.000000000000000  0.080330847775744
  0.000000000000000  0.000000000000000 -0.000000000000000  0.139504327658274
 -0.000000000000000 -0.000000000000000 -0.000000000000000  0.000000000000000
 -0.012267754339183  0.004564974092131  0.000000000000000  0.000000000000000
 -0.000000000000000  0.000000000000000 -0.079423454524267  0.000000000000000
 -0.000000000000000  0.000000000000000 -0.070662966672092 -0.000000000000000
  0.000000000000000  0.000000000000000 -0.000000000000000 -0.000065150888901
 -0.004776532912492  0.000000000000000  0.000000000000000 -0.000000000000000
  0.000000000000000 -0.326016438118680  0.000000000000000 -0.000000000000000
  0.000000000000000 -1.008767425550462 -0.000000000000000  0.000000000000000
 -0.000000000000000  0.000000000000000 -0.015475886507122 -0.005618988883961
  0.000000000000000  0.000000000000000 -0.000000000000000  0.000000000000000
 -0.278152280342403  0.000000000000000 -0.000000000000000  0.000000000000000
 -0.941932470935668 -0.000000000000000 -0.000000000000000 -0.000000000000000
  0.000000000000000 -0.010376418364174  0.004902193554434  0.000000000000000
  0.000000000000000 -0.000000000000000  0.000000000000000 -0.001927002422716
  0.000000000000000  0.000000000000000 -0.000000000000000  0.000000000000000
 -0.011549560052073  0.061199502181011  1.142733557709301 -0.005400829197875
 -0.002270399268355  0.000402625453836 -0.061199502181011 -1.142733557709301
  0.005400829197875  0.002270399268355  0.000402625453836  0.000000000000000
  0.000000000000000 -0.000000000000000  0.000000000000000 -0.008133988553255
 -0.056207176234404 -1.027498444082918  0.004488518868714 -0.001188190294589
  0.000269350864404  0.056207176234404  1.027498444082918 -0.004488518868714
  0.001188190294589  0.000269350864404
   28 Orbital Energy     0.188976 Occupation  0.000000 Symmetry App     
  0.000000000000000  0.000000000000000 -0.000000000000000  0.000000000000000
 -0.241510649147405  0.000000000000000 -0.000000000000000  0.000000000000000
 -0.457115350095868  0.000000000000000 -0.000000000000000  0.000000000000000
 -0.000000000000000  0.006214127489259  0.002084837632123  0.000000000000000
  0.000000000000000  0.000000000000000 -0.000000000000000  0.111944460886497
  0.000000000000000  0.000000000000000 -0.000000000000000  0.327733885867378
  0.000000000000000 -0.000000000000000 -0.000000000000000  0.000000000000000
  0.006107415038132  0.010614701135824  0.000000000000000  0.000000000000000
  0.000000000000000 -0.000000000000000  0.129462996909272  0.000000000000000
  0.000000000000000 -0.000000000000000  0.187632995358762 -0.000000000000000
  0.000000000000000  0.000000000000000 -0.000000000000000 -0.001193758924404
 -0.008515274035796  0.000000000000000  0.000000000000000 -0.000000000000000
  0.000000000000000 -0.279565071547383  0.000000000000000 -0.000000000000000
  0.000000000000000 -0.923950107965186 -0.000000000000000  0.000000000000000
 -0.000000000000000  0.000000000000000 -0.010102289005988 -0.003052160162884
  0.000000000000000  0.000000000000000  0.000000000000000 -0.000000000000000
  0.307749348945466  0.000000000000000  0.000000000000000 -0.000000000000000
  1.051486362929170  0.000000000000000 -0.000000000000000  0.000000000000000
  0.000000000000000  0.012380734471778  0.010468134708385  0.000000000000000
  0.000000000000000  0.000000000000000 -0.000000000000000  0.006183054388816
  0.000000000000000  0.000000000000000 -0.000000000000000  0.000000000000000
 -0.009289210939056  0.049757336632693  1.013334811937873 -0.003805483955230
 -0.002248686686104  0.000155178953577 -0.049757336632693 -1.013334811937873
  0.003805483955230  0.002248686686104  0.000155178953577  0.000000000000000
  0.000000000000000  0.000000000000000 -0.000000000000000  0.011941942435860
  0.033428502552712  1.094830629311178 -0.005598193399979 -0.002034504026287
 -0.000500152483902 -0.033428502552712 -1.094830629311178  0.005598193399979
  0.002034504026287 -0.000500152483902
   29 Orbital Energy     0.207624 Occupation  0.000000 Symmetry Ap      
  0.016228503807186 -0.018852784966213  0.032272405593587 -0.194442642255888
  0.000000000000000 -0.405167144870545 -0.060686994293026 -0.397395865422925
  0.000000000000000 -0.021982434229205  0.008387833468871  0.006004179350311
 -0.007909196258187 -0.000000000000000 -0.000000000000000 -0.016272458077163
  0.009578498273202 -0.066758580371458 -0.335757200383499  0.000000000000000
  0.364535149871804 -0.189325191799916 -0.893890128524802  0.000000000000000
  0.018245141222337 -0.024034690474998 -0.003659838431863  0.004250519643952
  0.000000000000000  0.000000000000000  0.004029189663110  0.012711634092736
 -0.060323767841167  0.024066399124261 -0.000000000000000 -0.128368262204471
 -0.105678194537365  0.053892168282996 -0.000000000000000  0.013231992491028
  0.000583170522012  0.007915917901644  0.003135508412639  0.000000000000000
 -0.000000000000000  0.036810586384079 -0.049487477916674  0.216113207440244
 -0.214964539546350  0.000000000000000 -0.519408837416479  0.863431849201026
 -0.891414170508946  0.000000000000000 -0.013567508559802  0.023130709789921
 -0.008006644410237 -0.010023198412190 -0.000000000000000 -0.000000000000000
 -0.052299389311567  0.065590538267783  0.178029419847454 -0.075347216198555
  0.000000000000000  0.805564352276752  0.634626424451828 -0.483933615214456
  0.000000000000000 -0.006588188641428 -0.017079614539282  0.010935289978013
 -0.001053823296859  0.000000000000000  0.000000000000000  0.071821689213722
  0.969213896339217  0.009294534644619 -0.004435127337579  0.000000000000000
 -0.086531427132001 -0.980430193666531 -0.003223343946156 -0.007170037056062
  0.000000000000000 -0.018882809536160  0.184035738656332  0.006747398577142
 -0.008279876814754 -0.000850755914506 -0.018882809536160  0.184035738656332
  0.006747398577142 -0.008279876814754  0.000850755914506 -0.030635391700636
 -0.955094098633796 -0.002430947439059 -0.005301405487851  0.000000000000000
  0.038510232966688  0.256858652236827  0.004992622819669 -0.004983269785389
 -0.003005861129588  0.038510232966688  0.256858652236827  0.004992622819669
 -0.004983269785389  0.003005861129588
   30 Orbital Energy     0.248591 Occupation  0.000000 Symmetry Ap      
 -0.139641860244184  0.191498247063069  0.001870855713382  0.275246294679569
 -0.000000000000000  3.023748335850151  0.211710416368274  1.107530226579114
 -0.000000000000000 -0.014956708828252  0.000144120350924  0.012862053322029
 -0.010702398019578  0.000000000000000 -0.000000000000000  0.018134578605177
 -0.027680326722955  0.097389375909147 -0.159898844451771  0.000000000000000
 -0.339709039772529  0.420390711377752 -0.828358031744682  0.000000000000000
  0.012275166556186 -0.011718546313714  0.006214641780867 -0.007946022973387
  0.000000000000000 -0.000000000000000  0.028166551673616 -0.063890785411347
 -0.101083746965222 -0.135446331234695  0.000000000000000 -0.278088921220569
 -0.136326225235420 -0.304996146764365  0.000000000000000 -0.003411722342657
 -0.004282000238875  0.012124809278995 -0.001001955109929  0.000000000000000
 -0.000000000000000  0.005082784961548  0.001259717309155 -0.015040390701836
 -0.123875525561245  0.000000000000000 -0.362621798333901 -0.073769403343135
 -0.617433131374838  0.000000000000000 -0.015348364337823  0.009042253750354
 -0.009750269214604  0.006169728807906 -0.000000000000000  0.000000000000000
  0.071869704734648 -0.016212545795553  0.012808809951061  0.192043380236482
 -0.000000000000000 -1.623284805485953  0.058444582191742  1.736444943410987
 -0.000000000000000 -0.020616063600775  0.044162825190953 -0.006657290309219
  0.012089531198511 -0.000000000000000 -0.000000000000000  0.047981118702211
  0.368211216521419  0.007373192709522 -0.010380024670361  0.000000000000000
 -0.049139500279132  0.075770663175713 -0.004357123810701  0.000743522208048
 -0.000000000000000 -0.017678964342650 -0.198505076432186  0.003178524196635
 -0.005540440706449 -0.004729637622614 -0.017678964342650 -0.198505076432186
  0.003178524196635 -0.005540440706449  0.004729637622614 -0.064668876625962
 -0.127931489908362 -0.005131706083546  0.020520093993991 -0.000000000000000
 -0.071120136540968 -0.080150848147238  0.004255716562331  0.008139297841657
  0.000388028688788 -0.071120136540968 -0.080150848147238  0.004255716562331
  0.008139297841657 -0.000388028688788
&
&valid
version=1.0
geometry
atom_num=12
   6    -0.3756872701     0.3343549931     0.0000000000
   7     0.8620452291    -0.1614545967     0.0000000000
   8    -1.3778633416    -0.3744377105     0.0000000000
   6     1.2070861702    -1.5800971694     0.0000000000
   6    -0.3756872701     1.8343549931     0.0000000000
   1     1.7122567002     0.3837430320     0.0000000000
   1     2.2915037959    -1.6902716359     0.0000000000
   1     0.7936768867    -2.0545717184     0.8899812732
   1     0.7936768867    -2.0545717184    -0.8899812732
   1     0.6519745852     2.1976883264     0.0000000000
   1    -0.8895181978     2.1976883264    -0.8899812732
   1    -0.8895181978     2.1976883264     0.8899812732
end
molecule
molchg=0
multip=1
qs_cuts=   0    0    0
end
basis
name=6-31g**                         
numd=6
atom_basis_num=0
end
&
