MAEFILE: jag_urea_spe_B3LYP_6-31Gss_2.01.mae
&gen 
basis=6-31g** 
icfit=1 
dftname=b3lyp 
&
&zmat
 C1            0.0000000000             0.0000000000            -0.0869990011
 N2            0.0000000000             1.1076760000             0.6472629989
 N3            0.0000000000            -1.1076760000             0.6472629989
 O4            0.0000000000             0.0000000000            -1.3126550011
 H5            0.0000000000             2.0496180000             0.2864369989
 H6            0.0000000000             1.1421520000             1.6545989989
 H7            0.0000000000            -2.0496180000             0.2864369989
 H8            0.0000000000            -1.1421520000             1.6545989989
&
&guess  basgss=6-31g** numd=6
    1 Orbital Energy   -19.076832 Occupation  1.000000 Symmetry A1      
 -0.000018801888875  0.000414947557852  0.000000000000000  0.000000000000000
  0.000043563834848 -0.002244404353473  0.000000000000000  0.000000000000000
  0.005736501644433 -0.000077204663589  0.000026537103005 -0.000965443013769
  0.000000000000000  0.000000000000000 -0.000000000000000  0.000029904765366
  0.000143348639592  0.000000000000000 -0.000034538095032  0.000025180733978
 -0.001615405646865  0.000000000000000  0.001252789313593 -0.000697722345518
  0.000052507840050  0.000201551047279 -0.000123660159922  0.000000000000000
  0.000000000000000 -0.000088735649876  0.000029904765366  0.000143348639592
  0.000000000000000  0.000034538095032  0.000025180733978 -0.001615405646865
  0.000000000000000 -0.001252789313593 -0.000697722345518  0.000052507840050
  0.000201551047279 -0.000123660159922  0.000000000000000  0.000000000000000
  0.000088735649876  0.992667034772723  0.025346786985477  0.000000000000000
  0.000000000000000  0.001180596822481  0.016228780954054  0.000000000000000
  0.000000000000000  0.002190516024591 -0.008366335332464 -0.008373478186849
 -0.007766048239164  0.000000000000000  0.000000000000000 -0.000000000000000
 -0.000227176986694 -0.000342519284496  0.000000000000000  0.000057784353450
 -0.000072398174696  0.000280693572685  0.000128597072206  0.000000000000000
  0.000016788804712 -0.000057732520522 -0.000227176986694 -0.000342519284496
  0.000000000000000 -0.000057784353450 -0.000072398174696  0.000280693572685
  0.000128597072206  0.000000000000000 -0.000016788804712 -0.000057732520522
    2 Orbital Energy   -14.344121 Occupation  1.000000 Symmetry B2      
  0.000000000000000  0.000000000000000  0.000000000000000  0.000380362995302
  0.000000000000000  0.000000000000000  0.000000000000000 -0.000045592050411
 -0.000000000000000  0.000000000000000 -0.000000000000000 -0.000000000000000
  0.000000000000000  0.000000000000000 -0.000019947230273  0.701868297906273
  0.024709699356961  0.000000000000000 -0.000024923511435  0.000052822786710
  0.003079005686813  0.000000000000000  0.000013678718080  0.000093936246798
 -0.005977011103201 -0.005879160108853 -0.005945691035549  0.000000000000000
  0.000000000000000 -0.000007871799007 -0.701868297906273 -0.024709699356961
  0.000000000000000 -0.000024923511435 -0.000052822786710 -0.003079005686813
  0.000000000000000  0.000013678718080 -0.000093936246798  0.005977011103201
  0.005879160108853  0.005945691035549  0.000000000000000  0.000000000000000
 -0.000007871799007  0.000000000000000  0.000000000000000  0.000000000000000
 -0.000013849367973 -0.000000000000000  0.000000000000000  0.000000000000000
 -0.000129682697133 -0.000000000000000  0.000000000000000 -0.000000000000000
 -0.000000000000000  0.000000000000000  0.000000000000000 -0.000107934160242
  0.000213177015908 -0.000387291370454  0.000000000000000  0.000013328428974
 -0.000017198484419  0.000197334417653 -0.000436833896807  0.000000000000000
 -0.000004678195315  0.000020129024572 -0.000213177015908  0.000387291370454
  0.000000000000000  0.000013328428974  0.000017198484419 -0.000197334417653
  0.000436833896807  0.000000000000000 -0.000004678195315 -0.000020129024572
    3 Orbital Energy   -14.344113 Occupation  1.000000 Symmetry A1      
 -0.000083141630775 -0.000369095826016  0.000000000000000 -0.000000000000000
 -0.000239541534955  0.001108020095139  0.000000000000000 -0.000000000000000
 -0.000038614189560  0.000001565617169 -0.000114166756370 -0.000139558923756
  0.000000000000000  0.000000000000000 -0.000000000000000 -0.701858325811769
 -0.024702322340837  0.000000000000000 -0.000031250059770 -0.000083802315182
 -0.003315101436818  0.000000000000000 -0.000055584779915  0.000107126361667
  0.006009936637654  0.006064379783219  0.005947453888147  0.000000000000000
  0.000000000000000  0.000004288906383 -0.701858325811769 -0.024702322340837
  0.000000000000000  0.000031250059770 -0.000083802315182 -0.003315101436818
  0.000000000000000  0.000055584779915  0.000107126361667  0.006009936637654
  0.006064379783219  0.005947453888147  0.000000000000000  0.000000000000000
 -0.000004288906383  0.000010952686482  0.000031631026890  0.000000000000000
  0.000000000000000  0.000048396089672 -0.000346501870335  0.000000000000000
 -0.000000000000000 -0.000023946322033  0.000025253172612  0.000056498715721
  0.000123893781259  0.000000000000000  0.000000000000000  0.000000000000000
 -0.000231150898527  0.000450589486565  0.000000000000000  0.000015699860191
 -0.000022561390655 -0.000209553944477  0.000376558484095  0.000000000000000
 -0.000010902518567 -0.000030281678399 -0.000231150898527  0.000450589486565
  0.000000000000000 -0.000015699860191 -0.000022561390655 -0.000209553944477
  0.000376558484095  0.000000000000000  0.000010902518567 -0.000030281678399
    4 Orbital Energy   -10.297640 Occupation  1.000000 Symmetry A1      
  0.992789478902567  0.048144596521155  0.000000000000000  0.000000000000000
  0.000377852089057 -0.006846147097614  0.000000000000000 -0.000000000000000
 -0.005325469432890 -0.009854610313304 -0.008861640366401 -0.008406046802156
  0.000000000000000  0.000000000000000 -0.000000000000000 -0.000278578482067
 -0.000302167601914  0.000000000000000  0.000242643155469  0.000096573862409
  0.003366381519440  0.000000000000000 -0.001160370959117  0.000792191790362
 -0.000119617320005 -0.000754366211101 -0.000525696555941  0.000000000000000
  0.000000000000000 -0.000136086169067 -0.000278578482067 -0.000302167601914
  0.000000000000000 -0.000242643155469  0.000096573862409  0.003366381519440
  0.000000000000000  0.001160370959117  0.000792191790362 -0.000119617320005
 -0.000754366211101 -0.000525696555941  0.000000000000000  0.000000000000000
  0.000136086169067 -0.000042120767158  0.000728605585642  0.000000000000000
  0.000000000000000  0.000072195181848 -0.005034278362375  0.000000000000000
 -0.000000000000000 -0.002246621729755  0.000563992439272  0.000433331676595
  0.000096423469024  0.000000000000000  0.000000000000000  0.000000000000000
  0.000275415126453  0.000333755401527  0.000000000000000 -0.000252151037208
  0.000007162101067 -0.000165306351456 -0.000160716290561  0.000000000000000
 -0.000110048917759 -0.000174892805589  0.000275415126453  0.000333755401527
  0.000000000000000  0.000252151037208  0.000007162101067 -0.000165306351456
 -0.000160716290561  0.000000000000000  0.000110048917759 -0.000174892805589
    5 Orbital Energy    -1.027443 Occupation  1.000000 Symmetry A1      
  0.147325243798517 -0.296237524538335  0.000000000000000  0.000000000000000
  0.070415439758822 -0.048070046694235  0.000000000000000 -0.000000000000000
 -0.030337465364252  0.024955590822939  0.010072474574405 -0.013307807410617
  0.000000000000000  0.000000000000000 -0.000000000000000  0.078567573809960
 -0.161569157278966  0.000000000000000  0.048346344998190  0.032671276345095
 -0.137551979520913  0.000000000000000  0.014801224616334  0.017659010490372
  0.007226610542183 -0.004542810675484 -0.001140295696728  0.000000000000000
  0.000000000000000 -0.007229935673494  0.078567573809960 -0.161569157278966
  0.000000000000000 -0.048346344998190  0.032671276345095 -0.137551979520913
  0.000000000000000 -0.014801224616334  0.017659010490372  0.007226610542183
 -0.004542810675484 -0.001140295696728  0.000000000000000  0.000000000000000
  0.007229935673494  0.143187758996136 -0.304279346290774  0.000000000000000
 -0.000000000000000 -0.131595487520532 -0.305561215774968  0.000000000000000
 -0.000000000000000 -0.054732368921449  0.007845534710247  0.009539138957295
 -0.010309277936038  0.000000000000000  0.000000000000000 -0.000000000000000
 -0.035799020561830 -0.001111332171541  0.000000000000000  0.005400755472282
 -0.001376595329744 -0.037758305778103 -0.002310371928784  0.000000000000000
  0.000798050453221  0.004946703774015 -0.035799020561830 -0.001111332171541
  0.000000000000000 -0.005400755472282 -0.001376595329744 -0.037758305778103
 -0.002310371928784  0.000000000000000 -0.000798050453221  0.004946703774015
    6 Orbital Energy    -0.916278 Occupation  1.000000 Symmetry A1      
 -0.014732352930980  0.035007965652948  0.000000000000000  0.000000000000000
  0.260839202972884 -0.031711211866403  0.000000000000000 -0.000000000000000
 -0.031678061423240 -0.000011611296968  0.022445500908843 -0.016515325543530
  0.000000000000000  0.000000000000000  0.000000000000000 -0.110768875852925
  0.225395269616443  0.000000000000000 -0.035399782218107  0.016397727687346
  0.246000585472851  0.000000000000000 -0.028168007355370  0.013411484113461
 -0.010595603960313  0.001972796541871 -0.006871735450305  0.000000000000000
  0.000000000000000 -0.000213733376864 -0.110768875852925  0.225395269616443
  0.000000000000000  0.035399782218107  0.016397727687346  0.246000585472851
  0.000000000000000  0.028168007355370  0.013411484113461 -0.010595603960313
  0.001972796541871 -0.006871735450305  0.000000000000000  0.000000000000000
  0.000213733376864  0.137449206456515 -0.295841837988114  0.000000000000000
 -0.000000000000000 -0.093900006117364 -0.303265361544037  0.000000000000000
 -0.000000000000000 -0.028852219851048  0.006497982032112  0.006621046783379
 -0.002160387087135  0.000000000000000  0.000000000000000  0.000000000000000
  0.059767415731937  0.006227835231240  0.000000000000000 -0.007197062421140
  0.003738082610080  0.077528900016994  0.007572565402352  0.000000000000000
 -0.001078485936294 -0.010712820390807  0.059767415731937  0.006227835231240
  0.000000000000000  0.007197062421140  0.003738082610080  0.077528900016994
  0.007572565402352  0.000000000000000  0.001078485936294 -0.010712820390807
    7 Orbital Energy    -0.875900 Occupation  1.000000 Symmetry B2      
  0.000000000000000  0.000000000000000  0.000000000000000 -0.195453740633084
 -0.000000000000000  0.000000000000000  0.000000000000000  0.037541578606887
  0.000000000000000  0.000000000000000 -0.000000000000000 -0.000000000000000
  0.000000000000000  0.000000000000000 -0.023009037342063  0.148750739183283
 -0.306024789260449  0.000000000000000 -0.011923172588591  0.009383696898948
 -0.335576089064385  0.000000000000000  0.003814315416045  0.013143604756694
  0.013397796832024  0.004055529109066  0.002888915991877  0.000000000000000
  0.000000000000000 -0.002191630916181 -0.148750739183283  0.306024789260449
  0.000000000000000 -0.011923172588591 -0.009383696898948  0.335576089064385
  0.000000000000000  0.003814315416045 -0.013143604756694 -0.013397796832024
 -0.004055529109066 -0.002888915991877  0.000000000000000  0.000000000000000
 -0.002191630916181  0.000000000000000  0.000000000000000  0.000000000000000
 -0.027679358274981 -0.000000000000000  0.000000000000000  0.000000000000000
 -0.020581060880150 -0.000000000000000  0.000000000000000 -0.000000000000000
 -0.000000000000000  0.000000000000000  0.000000000000000 -0.005299390779915
 -0.104917205384290 -0.014662690879530  0.000000000000000  0.012724288711933
 -0.005564960593122 -0.098891355070193 -0.013462765466404  0.000000000000000
 -0.000717251829519  0.013064426332112  0.104917205384290  0.014662690879530
  0.000000000000000  0.012724288711933  0.005564960593122  0.098891355070193
  0.013462765466404  0.000000000000000 -0.000717251829519 -0.013064426332112
    8 Orbital Energy    -0.634796 Occupation  1.000000 Symmetry A1      
  0.111661493610598 -0.253653824904615  0.000000000000000 -0.000000000000000
 -0.195068377997163 -0.129518824047589  0.000000000000000 -0.000000000000000
 -0.048907148628684  0.013435697953426  0.004296323425125  0.011737547578740
  0.000000000000000  0.000000000000000  0.000000000000000 -0.039156250159565
  0.083895230558649  0.000000000000000  0.282355196153300  0.115973181696969
  0.108575202673484  0.000000000000000  0.113377040750546  0.046776728801506
 -0.002560573732024 -0.007830297811592  0.004359881189213  0.000000000000000
  0.000000000000000 -0.007684771764338 -0.039156250159565  0.083895230558649
  0.000000000000000 -0.282355196153300  0.115973181696969  0.108575202673484
  0.000000000000000 -0.113377040750546  0.046776728801506 -0.002560573732024
 -0.007830297811592  0.004359881189213  0.000000000000000  0.000000000000000
  0.007684771764338 -0.047426611433517  0.109816660735847  0.000000000000000
 -0.000000000000000 -0.027870127681682  0.108665416298676  0.000000000000000
 -0.000000000000000 -0.029296535557138  0.001296929938326  0.001647975688301
 -0.006919115420027  0.000000000000000  0.000000000000000 -0.000000000000000
  0.142766024695365  0.055474530695963  0.000000000000000 -0.007786770418629
  0.008550444003183  0.100423193239741  0.043715678402006  0.000000000000000
  0.005877142378550 -0.006908417486640  0.142766024695365  0.055474530695963
  0.000000000000000  0.007786770418629  0.008550444003183  0.100423193239741
  0.043715678402006  0.000000000000000 -0.005877142378550 -0.006908417486640
    9 Orbital Energy    -0.555930 Occupation  1.000000 Symmetry B2      
  0.000000000000000  0.000000000000000  0.000000000000000 -0.355954313061018
 -0.000000000000000  0.000000000000000  0.000000000000000 -0.056908604994833
 -0.000000000000000  0.000000000000000 -0.000000000000000 -0.000000000000000
  0.000000000000000  0.000000000000000 -0.010338414758586 -0.001594432729626
  0.001366919102171  0.000000000000000  0.163146069416000  0.291068784443961
  0.005438830344329  0.000000000000000  0.065337623375284  0.129857485023946
 -0.001110298203499  0.000473217722321  0.004928666703690  0.000000000000000
  0.000000000000000 -0.005151781886212  0.001594432729626 -0.001366919102171
  0.000000000000000  0.163146069416000 -0.291068784443961 -0.005438830344329
  0.000000000000000  0.065337623375284 -0.129857485023946  0.001110298203499
 -0.000473217722321 -0.004928666703690  0.000000000000000  0.000000000000000
 -0.005151781886212  0.000000000000000  0.000000000000000  0.000000000000000
 -0.118758449337616 -0.000000000000000  0.000000000000000  0.000000000000000
 -0.059984779474903 -0.000000000000000  0.000000000000000 -0.000000000000000
 -0.000000000000000  0.000000000000000  0.000000000000000 -0.010792550105962
  0.027416143970697  0.012816596132268  0.000000000000000  0.002771737376537
  0.008151762312834  0.163623266922272  0.086682391557485  0.000000000000000
  0.003915527483342 -0.007907745905779 -0.027416143970697 -0.012816596132268
  0.000000000000000  0.002771737376537 -0.008151762312834 -0.163623266922272
 -0.086682391557485  0.000000000000000  0.003915527483342  0.007907745905779
   10 Orbital Energy    -0.526983 Occupation  1.000000 Symmetry A1      
 -0.035456146008291  0.087663700718319  0.000000000000000 -0.000000000000000
 -0.038083545502177  0.089513509468605  0.000000000000000 -0.000000000000000
 -0.009320205198258 -0.002936230975762  0.023375346962770 -0.027783039775343
  0.000000000000000  0.000000000000000 -0.000000000000000 -0.009466913701822
  0.024893516590900  0.000000000000000  0.140286517678535 -0.295511929091047
  0.026038188533469  0.000000000000000  0.086663498533822 -0.134312611593785
  0.001268461926581  0.007149851500057 -0.008737972633865  0.000000000000000
  0.000000000000000 -0.000418555848244 -0.009466913701822  0.024893516590900
  0.000000000000000 -0.140286517678535 -0.295511929091047  0.026038188533469
  0.000000000000000 -0.086663498533822 -0.134312611593785  0.001268461926581
  0.007149851500057 -0.008737972633865  0.000000000000000  0.000000000000000
  0.000418555848244  0.057555949411092 -0.121216815987010  0.000000000000000
  0.000000000000000  0.084633040650494 -0.212200600223190  0.000000000000000
  0.000000000000000  0.031766266502958  0.002008472042631  0.004001648888141
  0.011881312710261  0.000000000000000  0.000000000000000  0.000000000000000
  0.146266228999103  0.069260486333457  0.000000000000000 -0.008201101568503
 -0.002005061103992 -0.168803241567895 -0.112169515998028  0.000000000000000
  0.005002412866248  0.006339723498775  0.146266228999103  0.069260486333457
  0.000000000000000  0.008201101568503 -0.002005061103992 -0.168803241567895
 -0.112169515998028  0.000000000000000 -0.005002412866248  0.006339723498775
   11 Orbital Energy    -0.465338 Occupation  1.000000 Symmetry B2      
  0.000000000000000  0.000000000000000  0.000000000000000 -0.164801218351401
 -0.000000000000000  0.000000000000000  0.000000000000000 -0.005871623086266
 -0.000000000000000  0.000000000000000 -0.000000000000000 -0.000000000000000
  0.000000000000000  0.000000000000000 -0.024823217259454  0.017236102956378
 -0.038028013269349  0.000000000000000  0.318474472450710 -0.171504486756080
 -0.076882201980649  0.000000000000000  0.159964352678379 -0.078305428783819
  0.000666837099480  0.012523005865146 -0.006799137571742  0.000000000000000
  0.000000000000000 -0.007142956678569 -0.017236102956378  0.038028013269349
  0.000000000000000  0.318474472450710  0.171504486756080  0.076882201980649
  0.000000000000000  0.159964352678379  0.078305428783819 -0.000666837099480
 -0.012523005865146  0.006799137571742  0.000000000000000  0.000000000000000
 -0.007142956678569  0.000000000000000  0.000000000000000  0.000000000000000
 -0.022127202008807 -0.000000000000000  0.000000000000000  0.000000000000000
 -0.015284164131165 -0.000000000000000  0.000000000000000 -0.000000000000000
 -0.000000000000000  0.000000000000000  0.000000000000000 -0.005583055959352
  0.212909143774602  0.139736243276548  0.000000000000000 -0.007455087923198
  0.002740459780022 -0.125300854533276 -0.078529570510815  0.000000000000000
  0.007403476867908  0.006119623590308 -0.212909143774602 -0.139736243276548
  0.000000000000000 -0.007455087923198 -0.002740459780022  0.125300854533276
  0.078529570510815  0.000000000000000  0.007403476867908 -0.006119623590308
   12 Orbital Energy    -0.420254 Occupation  1.000000 Symmetry B1      
  0.000000000000000  0.000000000000000  0.385985535676978  0.000000000000000
  0.000000000000000  0.000000000000000  0.161799253939171  0.000000000000000
  0.000000000000000  0.000000000000000  0.000000000000000  0.000000000000000
  0.000000000000000  0.003515052618683  0.000000000000000  0.000000000000000
  0.000000000000000  0.267822464730412  0.000000000000000  0.000000000000000
  0.000000000000000  0.177821228363949  0.000000000000000  0.000000000000000
  0.000000000000000  0.000000000000000  0.000000000000000 -0.011991274106101
 -0.005918014496645  0.000000000000000  0.000000000000000  0.000000000000000
  0.267822464730412  0.000000000000000  0.000000000000000  0.000000000000000
  0.177821228363949  0.000000000000000  0.000000000000000  0.000000000000000
  0.000000000000000  0.000000000000000  0.011991274106101 -0.005918014496645
  0.000000000000000  0.000000000000000  0.000000000000000  0.249328859447237
  0.000000000000000  0.000000000000000  0.000000000000000  0.142723542766310
  0.000000000000000  0.000000000000000  0.000000000000000  0.000000000000000
  0.000000000000000  0.000000000000000  0.021109201104094  0.000000000000000
  0.000000000000000  0.000000000000000  0.007269196383324  0.000000000000000
  0.000000000000000  0.000000000000000  0.000000000000000  0.007647679587639
  0.000000000000000  0.000000000000000  0.000000000000000  0.000000000000000
  0.007269196383324  0.000000000000000  0.000000000000000  0.000000000000000
  0.000000000000000  0.007647679587639  0.000000000000000  0.000000000000000
   13 Orbital Energy    -0.386312 Occupation  1.000000 Symmetry A1      
 -0.057202344459142  0.140528170012064  0.000000000000000 -0.000000000000000
 -0.324980319006008  0.131654745745052  0.000000000000000  0.000000000000000
  0.042834214174380 -0.005649036459268 -0.020514136166108  0.003259646590097
  0.000000000000000  0.000000000000000 -0.000000000000000  0.014483729969992
 -0.028951323353103  0.000000000000000  0.028440725691152  0.106732496348727
 -0.095355967135191  0.000000000000000  0.049247408897989  0.035852491014326
  0.001255016364142 -0.005381232530784  0.012775847536721  0.000000000000000
  0.000000000000000  0.005039752767011  0.014483729969992 -0.028951323353103
  0.000000000000000 -0.028440725691152  0.106732496348727 -0.095355967135191
  0.000000000000000 -0.049247408897989  0.035852491014326  0.001255016364142
 -0.005381232530784  0.012775847536721  0.000000000000000  0.000000000000000
 -0.005039752767011  0.092602754394631 -0.196965469589171  0.000000000000000
  0.000000000000000  0.499132688690660 -0.353062538841540  0.000000000000000
  0.000000000000000  0.284837320837657 -0.001929279712720 -0.001556554428008
  0.036137709437154  0.000000000000000  0.000000000000000  0.000000000000000
 -0.036017697684746 -0.049384982816728  0.000000000000000  0.002756333469815
  0.002062952563737  0.076016311473111  0.080895362830324  0.000000000000000
  0.000081791912901 -0.000349560367376 -0.036017697684746 -0.049384982816728
  0.000000000000000 -0.002756333469815  0.002062952563737  0.076016311473111
  0.080895362830324  0.000000000000000 -0.000081791912901 -0.000349560367376
   14 Orbital Energy    -0.263299 Occupation  1.000000 Symmetry A2      
  0.000000000000000  0.000000000000000  0.000000000000000  0.000000000000000
  0.000000000000000  0.000000000000000  0.000000000000000  0.000000000000000
  0.000000000000000  0.000000000000000  0.000000000000000  0.000000000000000
 -0.035760610544948 -0.000000000000000  0.000000000000000  0.000000000000000
  0.000000000000000 -0.448586345369139  0.000000000000000  0.000000000000000
  0.000000000000000 -0.371351857754374  0.000000000000000  0.000000000000000
  0.000000000000000  0.000000000000000  0.000000000000000  0.000638192021228
  0.001327832377141  0.000000000000000  0.000000000000000  0.000000000000000
  0.448586345369139  0.000000000000000  0.000000000000000  0.000000000000000
  0.371351857754374  0.000000000000000  0.000000000000000  0.000000000000000
  0.000000000000000  0.000000000000000  0.000638192021228 -0.001327832377141
  0.000000000000000  0.000000000000000  0.000000000000000  0.000000000000000
  0.000000000000000  0.000000000000000  0.000000000000000  0.000000000000000
  0.000000000000000  0.000000000000000  0.000000000000000  0.000000000000000
  0.000000000000000 -0.002693544563385 -0.000000000000000  0.000000000000000
  0.000000000000000  0.000000000000000 -0.014262785838824  0.000000000000000
  0.000000000000000  0.000000000000000  0.000000000000000 -0.014032598464599
  0.000000000000000  0.000000000000000  0.000000000000000  0.000000000000000
  0.014262785838824  0.000000000000000  0.000000000000000  0.000000000000000
  0.000000000000000  0.014032598464599  0.000000000000000  0.000000000000000
   15 Orbital Energy    -0.246636 Occupation  1.000000 Symmetry B1      
  0.000000000000000  0.000000000000000 -0.084019874608256  0.000000000000000
  0.000000000000000  0.000000000000000 -0.097872385979968  0.000000000000000
  0.000000000000000  0.000000000000000  0.000000000000000  0.000000000000000
  0.000000000000000  0.044805680219343  0.000000000000000  0.000000000000000
  0.000000000000000  0.271198857565716  0.000000000000000  0.000000000000000
  0.000000000000000  0.251501737998329  0.000000000000000  0.000000000000000
  0.000000000000000  0.000000000000000  0.000000000000000 -0.002130553185678
  0.004741902049494  0.000000000000000  0.000000000000000  0.000000000000000
  0.271198857565716  0.000000000000000  0.000000000000000  0.000000000000000
  0.251501737998329  0.000000000000000  0.000000000000000  0.000000000000000
  0.000000000000000  0.000000000000000  0.002130553185678  0.004741902049494
  0.000000000000000  0.000000000000000  0.000000000000000 -0.507972052183378
  0.000000000000000  0.000000000000000  0.000000000000000 -0.362945116614936
  0.000000000000000  0.000000000000000  0.000000000000000  0.000000000000000
  0.000000000000000 -0.000000000000000 -0.025259135103534  0.000000000000000
  0.000000000000000  0.000000000000000  0.007932377332737  0.000000000000000
  0.000000000000000  0.000000000000000  0.000000000000000  0.009076937448520
  0.000000000000000  0.000000000000000  0.000000000000000  0.000000000000000
  0.007932377332737  0.000000000000000  0.000000000000000  0.000000000000000
  0.000000000000000  0.009076937448520  0.000000000000000  0.000000000000000
   16 Orbital Energy    -0.238055 Occupation  1.000000 Symmetry B2      
  0.000000000000000  0.000000000000000  0.000000000000000  0.000968843212488
  0.000000000000000  0.000000000000000  0.000000000000000  0.230457673291279
  0.000000000000000  0.000000000000000 -0.000000000000000 -0.000000000000000
  0.000000000000000  0.000000000000000 -0.051556780713406  0.036015015985899
 -0.069604618439258  0.000000000000000  0.086061965738075  0.102485068184187
 -0.317085053080097  0.000000000000000  0.085084257624735  0.093411902108004
  0.002980159931682  0.003853317109327  0.011743379465096  0.000000000000000
  0.000000000000000  0.000628521593939 -0.036015015985899  0.069604618439258
  0.000000000000000  0.086061965738075 -0.102485068184187  0.317085053080097
  0.000000000000000  0.085084257624735 -0.093411902108004 -0.002980159931682
 -0.003853317109327 -0.011743379465096  0.000000000000000  0.000000000000000
  0.000628521593939  0.000000000000000  0.000000000000000  0.000000000000000
  0.614386740556441  0.000000000000000  0.000000000000000  0.000000000000000
  0.416912687024037  0.000000000000000  0.000000000000000  0.000000000000000
  0.000000000000000  0.000000000000000  0.000000000000000  0.025246896848137
 -0.002944376138262  0.047825419281950  0.000000000000000  0.001545637318458
 -0.000174396727051  0.059976493972821  0.088294285422437  0.000000000000000
  0.002229892541955  0.000232625650969  0.002944376138262 -0.047825419281950
  0.000000000000000  0.001545637318458  0.000174396727051 -0.059976493972821
 -0.088294285422437  0.000000000000000  0.002229892541955 -0.000232625650969
   17 Orbital Energy     0.059265 Occupation  0.000000 Symmetry A1      
  0.026505297412112 -0.041192210816082  0.000000000000000 -0.000000000000000
 -0.044566116641523 -0.102103865054073  0.000000000000000  0.000000000000000
  0.003586452828576 -0.002223503841423  0.003407403789217  0.012633572046274
  0.000000000000000  0.000000000000000  0.000000000000000 -0.084873321783510
  0.136121871756188  0.000000000000000  0.060197323405240  0.148729612436079
  1.092457761558714  0.000000000000000  0.188941839906739  0.347772222129328
 -0.021988918515087 -0.020694475847265 -0.017687133387420  0.000000000000000
  0.000000000000000  0.002205387243452 -0.084873321783510  0.136121871756188
  0.000000000000000 -0.060197323405240  0.148729612436079  1.092457761558714
  0.000000000000000 -0.188941839906739  0.347772222129328 -0.021988918515087
 -0.020694475847265 -0.017687133387420  0.000000000000000  0.000000000000000
 -0.002205387243452 -0.014498010355669  0.042395949394175  0.000000000000000
  0.000000000000000  0.053562676549603  0.079910101768524  0.000000000000000
  0.000000000000000  0.073341895460720  0.000155960346279 -0.002766992447887
  0.007326540785853  0.000000000000000  0.000000000000000  0.000000000000000
 -0.055759643979493 -0.542839712157821  0.000000000000000 -0.005362357922919
  0.003068137431193 -0.049802861528675 -0.996540047332268  0.000000000000000
  0.004183008099284 -0.008220283936354 -0.055759643979493 -0.542839712157821
  0.000000000000000  0.005362357922919  0.003068137431193 -0.049802861528675
 -0.996540047332268  0.000000000000000 -0.004183008099284 -0.008220283936354
   18 Orbital Energy     0.094614 Occupation  0.000000 Symmetry B1      
  0.000000000000000  0.000000000000000 -0.611459512781123  0.000000000000000
  0.000000000000000  0.000000000000000 -0.657484499951701  0.000000000000000
  0.000000000000000  0.000000000000000  0.000000000000000  0.000000000000000
 -0.000000000000000 -0.017470414484045  0.000000000000000  0.000000000000000
  0.000000000000000  0.231387555832117  0.000000000000000  0.000000000000000
  0.000000000000000  0.354498694827222  0.000000000000000  0.000000000000000
  0.000000000000000  0.000000000000000  0.000000000000000  0.029992266334690
  0.020257856442100  0.000000000000000  0.000000000000000  0.000000000000000
  0.231387555832117  0.000000000000000  0.000000000000000  0.000000000000000
  0.354498694827222  0.000000000000000  0.000000000000000  0.000000000000000
  0.000000000000000  0.000000000000000 -0.029992266334690  0.020257856442100
  0.000000000000000  0.000000000000000  0.000000000000000  0.355172329520980
  0.000000000000000  0.000000000000000  0.000000000000000  0.413979862593132
  0.000000000000000  0.000000000000000  0.000000000000000  0.000000000000000
  0.000000000000000 -0.000000000000000 -0.008105746231235  0.000000000000000
  0.000000000000000  0.000000000000000  0.011871226169639  0.000000000000000
  0.000000000000000  0.000000000000000  0.000000000000000  0.013346960403625
  0.000000000000000  0.000000000000000  0.000000000000000  0.000000000000000
  0.011871226169639  0.000000000000000  0.000000000000000  0.000000000000000
  0.000000000000000  0.013346960403625  0.000000000000000  0.000000000000000
   19 Orbital Energy     0.110370 Occupation  0.000000 Symmetry A1      
 -0.010619211756551  0.029136153472322  0.000000000000000  0.000000000000000
  0.094047905448517  0.139340626763548  0.000000000000000 -0.000000000000000
 -0.039204661926979 -0.000502679354617 -0.034931109098845  0.038034843198856
  0.000000000000000  0.000000000000000  0.000000000000000  0.036555790834304
 -0.075294866189442  0.000000000000000 -0.124054066941639  0.217822913664351
 -0.365253755972834  0.000000000000000 -0.362362560313330  0.543652686481888
  0.002224119612806  0.027160658802717 -0.009007287701259  0.000000000000000
  0.000000000000000 -0.008583092040133  0.036555790834304 -0.075294866189442
  0.000000000000000  0.124054066941639  0.217822913664351 -0.365253755972834
  0.000000000000000  0.362362560313330  0.543652686481888  0.002224119612806
  0.027160658802717 -0.009007287701259  0.000000000000000  0.000000000000000
  0.008583092040133 -0.007158173692520  0.036033027469985  0.000000000000000
  0.000000000000000  0.101884777311079 -0.040040441067734  0.000000000000000
  0.000000000000000  0.060659794760167  0.006156397801234  0.004241781843442
  0.000174955476348  0.000000000000000  0.000000000000000  0.000000000000000
  0.106043764954404  1.109335628100868  0.000000000000000  0.009859252823887
  0.001648979750884 -0.062554790057924 -0.684639861258604  0.000000000000000
 -0.000148603339505 -0.001254729979933  0.106043764954404  1.109335628100868
  0.000000000000000 -0.009859252823887  0.001648979750884 -0.062554790057924
 -0.684639861258604  0.000000000000000  0.000148603339505 -0.001254729979933
   20 Orbital Energy     0.111358 Occupation  0.000000 Symmetry B2      
  0.000000000000000  0.000000000000000  0.000000000000000  0.151920400706522
  0.000000000000000  0.000000000000000  0.000000000000000 -0.022529440683423
 -0.000000000000000  0.000000000000000 -0.000000000000000 -0.000000000000000
  0.000000000000000  0.000000000000000 -0.000682576889163  0.081178800072012
 -0.123352422493085  0.000000000000000 -0.156068254915028 -0.089875561106850
 -1.140202466682235  0.000000000000000 -0.356396469656305 -0.222949662551103
  0.019728772632672  0.014475568515321  0.027056821925915  0.000000000000000
  0.000000000000000  0.008118706988278 -0.081178800072012  0.123352422493085
  0.000000000000000 -0.156068254915028  0.089875561106850  1.140202466682235
  0.000000000000000 -0.356396469656305  0.222949662551103 -0.019728772632672
 -0.014475568515321 -0.027056821925915  0.000000000000000  0.000000000000000
  0.008118706988278  0.000000000000000  0.000000000000000  0.000000000000000
 -0.129548129671197 -0.000000000000000  0.000000000000000  0.000000000000000
 -0.095818592391984 -0.000000000000000  0.000000000000000  0.000000000000000
  0.000000000000000  0.000000000000000  0.000000000000000  0.001896284299422
  0.033366171311330  0.866210697003642  0.000000000000000  0.005572691553159
 -0.001475536695521  0.074060270964725  0.935820014502988  0.000000000000000
  0.005481441593815  0.008471306300777 -0.033366171311330 -0.866210697003642
  0.000000000000000  0.005572691553159  0.001475536695521 -0.074060270964725
 -0.935820014502988  0.000000000000000  0.005481441593815 -0.008471306300777
   21 Orbital Energy     0.159690 Occupation  0.000000 Symmetry B2      
  0.000000000000000  0.000000000000000  0.000000000000000  0.103506309152171
  0.000000000000000  0.000000000000000  0.000000000000000 -0.047307525115696
 -0.000000000000000  0.000000000000000 -0.000000000000000 -0.000000000000000
  0.000000000000000  0.000000000000000 -0.020155216684901  0.012488110757082
 -0.033499874351190  0.000000000000000  0.214399416258290 -0.218812955113584
 -0.037712073356733  0.000000000000000  0.498895858419414 -0.591940800891468
 -0.003249077436879 -0.004603422011321  0.010994732936626  0.000000000000000
  0.000000000000000  0.010510617375407 -0.012488110757082  0.033499874351190
  0.000000000000000  0.214399416258290  0.218812955113584  0.037712073356733
  0.000000000000000  0.498895858419414  0.591940800891468  0.003249077436879
  0.004603422011321 -0.010994732936626  0.000000000000000  0.000000000000000
  0.010510617375407  0.000000000000000  0.000000000000000  0.000000000000000
 -0.047257194155844 -0.000000000000000  0.000000000000000  0.000000000000000
 -0.048047150919708 -0.000000000000000  0.000000000000000  0.000000000000000
  0.000000000000000  0.000000000000000  0.000000000000000  0.006706489278481
 -0.061896658218200 -1.063894357244759  0.000000000000000 -0.003208528853944
  0.001476647396437  0.073563123283854  1.052997434124707  0.000000000000000
  0.007472152841281  0.005495241814926  0.061896658218200  1.063894357244759
  0.000000000000000 -0.003208528853944 -0.001476647396437 -0.073563123283854
 -1.052997434124707  0.000000000000000  0.007472152841281 -0.005495241814926
   22 Orbital Energy     0.293679 Occupation  0.000000 Symmetry A1      
 -0.147736287666979  0.100728171629948  0.000000000000000  0.000000000000000
  0.059087991744377  4.298818933285074  0.000000000000000 -0.000000000000000
 -0.069516202151874  0.031223898959661 -0.005953735128839 -0.009078166186552
  0.000000000000000  0.000000000000000 -0.000000000000000  0.057804960871637
 -0.092547764347200  0.000000000000000  0.153676443214737  0.133059124166105
 -1.060958382255891  0.000000000000000  0.937881490385160  0.688495869151517
  0.028311363510203 -0.014492804344080  0.001909380821002  0.000000000000000
  0.000000000000000  0.026173171126134  0.057804960871637 -0.092547764347200
  0.000000000000000 -0.153676443214737  0.133059124166105 -1.060958382255891
  0.000000000000000 -0.937881490385160  0.688495869151517  0.028311363510203
 -0.014492804344080  0.001909380821002  0.000000000000000  0.000000000000000
 -0.026173171126134  0.083508760175202 -0.090005924138256  0.000000000000000
 -0.000000000000000 -0.210297922133001 -1.451764354690893  0.000000000000000
 -0.000000000000000 -0.778754438210352  0.061279125735164  0.032639637468929
 -0.008441134718634  0.000000000000000  0.000000000000000  0.000000000000000
 -0.081879776246596 -0.225282723217602  0.000000000000000 -0.001396109706343
  0.007942389575742  0.026365581533488 -0.286618417964710  0.000000000000000
  0.020927001008691  0.003327601448532 -0.081879776246596 -0.225282723217602
  0.000000000000000  0.001396109706343  0.007942389575742  0.026365581533488
 -0.286618417964710  0.000000000000000 -0.020927001008691  0.003327601448532
   23 Orbital Energy     0.340175 Occupation  0.000000 Symmetry A1      
  0.053889041535277 -0.166526417855969  0.000000000000000 -0.000000000000000
 -0.301733567947214 -1.380706194557081  0.000000000000000 -0.000000000000000
 -3.499159064937379 -0.006163398034574  0.008424537954886 -0.009242955365790
  0.000000000000000  0.000000000000000 -0.000000000000000 -0.046580025907252
  0.008860727343415  0.000000000000000 -0.107455442462825  0.015978356929615
  1.595635410576595  0.000000000000000 -1.375417723438568  0.077980695841512
 -0.020508342570588 -0.067393053729054  0.031377913834184  0.000000000000000
  0.000000000000000  0.006407170024205 -0.046580025907252  0.008860727343415
  0.000000000000000  0.107455442462825  0.015978356929615  1.595635410576595
  0.000000000000000  1.375417723438568  0.077980695841512 -0.020508342570588
 -0.067393053729054  0.031377913834184  0.000000000000000  0.000000000000000
 -0.006407170024205  0.095440169797134 -0.056300641087008  0.000000000000000
 -0.000000000000000 -0.047699675010996 -2.235758120699945  0.000000000000000
 -0.000000000000000 -0.750314018658097  0.052716672940309  0.073425896726256
  0.003615717094408  0.000000000000000  0.000000000000000  0.000000000000000
 -0.110665661249041  0.660492856974327  0.000000000000000 -0.028813558665316
 -0.018022414440243  0.138153073098513 -0.286975813287933  0.000000000000000
  0.003823738142367  0.009593856362794 -0.110665661249041  0.660492856974327
  0.000000000000000  0.028813558665316 -0.018022414440243  0.138153073098513
 -0.286975813287933  0.000000000000000 -0.003823738142367  0.009593856362794
   24 Orbital Energy     0.459893 Occupation  0.000000 Symmetry B2      
  0.000000000000000  0.000000000000000  0.000000000000000 -0.678858701391503
 -0.000000000000000  0.000000000000000  0.000000000000000 -2.592288595690572
 -0.000000000000000  0.000000000000000  0.000000000000000  0.000000000000000
  0.000000000000000  0.000000000000000  0.054712810654476 -0.062445041869578
  0.123959544405026  0.000000000000000 -0.200601275611097 -0.191968657150465
  1.299820957300434  0.000000000000000 -0.789522178323444 -1.126954775209110
  0.009941058785540  0.012338002862895 -0.056751751322069  0.000000000000000
  0.000000000000000 -0.053222643652434  0.062445041869578 -0.123959544405026
  0.000000000000000 -0.200601275611097  0.191968657150465 -1.299820957300434
  0.000000000000000 -0.789522178323444  1.126954775209110 -0.009941058785540
 -0.012338002862895  0.056751751322069  0.000000000000000  0.000000000000000
 -0.053222643652434  0.000000000000000  0.000000000000000  0.000000000000000
  0.259067889088722  0.000000000000000  0.000000000000000  0.000000000000000
  0.578347926084689  0.000000000000000  0.000000000000000 -0.000000000000000
 -0.000000000000000  0.000000000000000  0.000000000000000 -0.026969918948287
  0.088325669468086  0.031174707735612  0.000000000000000  0.004937555122909
 -0.009637969490556 -0.074567664305109  0.893520947158147  0.000000000000000
 -0.018427720164899 -0.015822399566323 -0.088325669468086 -0.031174707735612
  0.000000000000000  0.004937555122909  0.009637969490556  0.074567664305109
 -0.893520947158147  0.000000000000000 -0.018427720164899  0.015822399566323
   25 Orbital Energy     0.559620 Occupation  0.000000 Symmetry A1      
 -0.013443581929838 -1.010790561580868  0.000000000000000 -0.000000000000000
 -0.511982254411672  1.799037595832751  0.000000000000000  0.000000000000000
  0.903241895697863 -0.011175135322999 -0.093683021638950 -0.065080892777060
  0.000000000000000  0.000000000000000 -0.000000000000000 -0.022847181256631
 -0.117523704119089  0.000000000000000  0.138030574065067  0.062037944003835
 -0.312066271702392  0.000000000000000 -0.022308069509095 -0.070425231763855
  0.038743899789702 -0.086098178850222 -0.104149200491345  0.000000000000000
  0.000000000000000 -0.064618357909086 -0.022847181256631 -0.117523704119089
  0.000000000000000 -0.138030574065067  0.062037944003835 -0.312066271702392
  0.000000000000000  0.022308069509095 -0.070425231763855  0.038743899789702
 -0.086098178850222 -0.104149200491345  0.000000000000000  0.000000000000000
  0.064618357909086  0.013732609936108 -0.065407833548021  0.000000000000000
  0.000000000000000  0.006757570615451  0.002620349806805  0.000000000000000
 -0.000000000000000 -0.197963620034893  0.009390461268116 -0.015977304619524
 -0.005740252241432  0.000000000000000  0.000000000000000 -0.000000000000000
  0.041125828525899 -0.085545467485119  0.000000000000000 -0.030170821896245
 -0.003995942958470 -0.265727809517390  0.092676821525871  0.000000000000000
 -0.053439767360182 -0.043703442431245  0.041125828525899 -0.085545467485119
  0.000000000000000  0.030170821896245 -0.003995942958470 -0.265727809517390
  0.092676821525871  0.000000000000000  0.053439767360182 -0.043703442431245
   26 Orbital Energy     0.566147 Occupation  0.000000 Symmetry B2      
  0.000000000000000  0.000000000000000  0.000000000000000  0.788737617001238
  0.000000000000000  0.000000000000000  0.000000000000000 -2.411359602999931
 -0.000000000000000  0.000000000000000 -0.000000000000000 -0.000000000000000
  0.000000000000000  0.000000000000000 -0.026505958357289  0.012951366673968
  0.008707013807137  0.000000000000000 -0.076728381250751  0.012595104269404
  0.961021634765443  0.000000000000000  0.034827276533094 -0.358778584786682
 -0.041262986731080  0.118095647872080  0.004860909929917  0.000000000000000
  0.000000000000000  0.058719631901203 -0.012951366673968 -0.008707013807137
  0.000000000000000 -0.076728381250751 -0.012595104269404 -0.961021634765443
  0.000000000000000  0.034827276533094  0.358778584786682  0.041262986731080
 -0.118095647872080 -0.004860909929917  0.000000000000000  0.000000000000000
  0.058719631901203  0.000000000000000  0.000000000000000  0.000000000000000
  0.216898947595588  0.000000000000000  0.000000000000000  0.000000000000000
  0.361736853326768  0.000000000000000  0.000000000000000  0.000000000000000
  0.000000000000000  0.000000000000000  0.000000000000000  0.048630256388695
  0.193058794726999 -0.140124368363788  0.000000000000000  0.058319457352229
  0.037211901646854 -0.094028988426699  0.213363365602375  0.000000000000000
  0.010019082194745  0.001381980708880 -0.193058794726999  0.140124368363788
  0.000000000000000  0.058319457352229 -0.037211901646854  0.094028988426699
 -0.213363365602375  0.000000000000000  0.010019082194745 -0.001381980708880
&
&valid
version=1.0
geometry
atom_num=8
   6     0.0000000000     0.0000000000    -0.0869990011
   7     0.0000000000     1.1076760000     0.6472629989
   7     0.0000000000    -1.1076760000     0.6472629989
   8     0.0000000000     0.0000000000    -1.3126550011
   1     0.0000000000     2.0496180000     0.2864369989
   1     0.0000000000     1.1421520000     1.6545989989
   1     0.0000000000    -2.0496180000     0.2864369989
   1     0.0000000000    -1.1421520000     1.6545989989
end
molecule
molchg=0
multip=1
qs_cuts=   0    0    0
end
basis
name=6-31g**                         
numd=6
atom_basis_num=0
end
&
