MAEFILE: jag_urea_spe_B3LYP_6-31Gss_2.mae
&gen
basis=6-31G**
icfit=1
dftname=B3LYP
&
entry_name: urea
&zmat
C1      0.0000000000000   0.0000000000000  -0.0869990000000
N2      0.0000000000000   1.1076760000000   0.6472630000000
N3      0.0000000000000  -1.1076760000000   0.6472630000000
O4      0.0000000000000   0.0000000000000  -1.3126550000000
H5      0.0000000000000   2.0496180000000   0.2864370000000
H6      0.0000000000000   1.1421520000000   1.6545990000000
H7      0.0000000000000  -2.0496180000000   0.2864370000000
H8      0.0000000000000  -1.1421520000000   1.6545990000000
&
&guess  basgss=6-31g** numd=6
    1 Orbital Energy   -19.076238 Occupation  1.000000 Symmetry A1      
 -0.000019595786261  0.000417048726539  0.000000000000000  0.000000000000000
  0.000044850816308 -0.002237664476192  0.000000000000000  0.000000000000000
  0.005746733631423 -0.000078787491947  0.000025159461166 -0.000970505133498
  0.000000000000000  0.000000000000000 -0.000000000000000  0.000030197294114
  0.000143934260623  0.000000000000000 -0.000034808421966  0.000024960959842
 -0.001622755548884  0.000000000000000  0.001256554582735 -0.000697353221072
  0.000053000308693  0.000202919603919 -0.000123130571527  0.000000000000000
  0.000000000000000 -0.000088956509973  0.000030197294114  0.000143934260623
  0.000000000000000  0.000034808421966  0.000024960959842 -0.001622755548884
  0.000000000000000 -0.001256554582735 -0.000697353221072  0.000053000308693
  0.000202919603919 -0.000123130571527  0.000000000000000  0.000000000000000
  0.000088956509973  0.992666638843962  0.025345841157857  0.000000000000000
  0.000000000000000  0.001181375613247  0.016238804792550  0.000000000000000
  0.000000000000000  0.002194366547400 -0.008367710486738 -0.008374599508657
 -0.007764997767377  0.000000000000000  0.000000000000000 -0.000000000000000
 -0.000227810392704 -0.000342823438103  0.000000000000000  0.000058018973548
 -0.000072803236847  0.000280991732988  0.000128530295781  0.000000000000000
  0.000016720454398 -0.000057649011810 -0.000227810392704 -0.000342823438103
  0.000000000000000 -0.000058018973548 -0.000072803236847  0.000280991732988
  0.000128530295781  0.000000000000000 -0.000016720454398 -0.000057649011810
    2 Orbital Energy   -14.345320 Occupation  1.000000 Symmetry B2      
  0.000000000000000  0.000000000000000  0.000000000000000  0.000378890885328
  0.000000000000000  0.000000000000000  0.000000000000000 -0.000058639226020
 -0.000000000000000  0.000000000000000 -0.000000000000000 -0.000000000000000
  0.000000000000000  0.000000000000000 -0.000023037131883  0.701866807239403
  0.024712841500805  0.000000000000000 -0.000027147174027  0.000050791586208
  0.003092196701909  0.000000000000000  0.000009074629548  0.000089557802941
 -0.005979664110053 -0.005881063110191 -0.005949184435438  0.000000000000000
  0.000000000000000 -0.000006423657067 -0.701866807239403 -0.024712841500805
  0.000000000000000 -0.000027147174027 -0.000050791586208 -0.003092196701909
  0.000000000000000  0.000009074629548 -0.000089557802941  0.005979664110053
  0.005881063110191  0.005949184435438  0.000000000000000  0.000000000000000
 -0.000006423657067  0.000000000000000  0.000000000000000  0.000000000000000
 -0.000014665848496 -0.000000000000000  0.000000000000000  0.000000000000000
 -0.000127312429809 -0.000000000000000  0.000000000000000 -0.000000000000000
 -0.000000000000000  0.000000000000000  0.000000000000000 -0.000108653660835
  0.000213666474519 -0.000386610376885  0.000000000000000  0.000012522019605
 -0.000016897772686  0.000198479411368 -0.000436018222076  0.000000000000000
 -0.000004633481199  0.000018908026009 -0.000213666474519  0.000386610376885
  0.000000000000000  0.000012522019605  0.000016897772686 -0.000198479411368
  0.000436018222076  0.000000000000000 -0.000004633481199 -0.000018908026009
    3 Orbital Energy   -14.345312 Occupation  1.000000 Symmetry A1      
 -0.000082537813935 -0.000373308608955  0.000000000000000 -0.000000000000000
 -0.000239381562722  0.001114103647521  0.000000000000000 -0.000000000000000
 -0.000043596669214  0.000002945838690 -0.000109081477529 -0.000136186303481
  0.000000000000000  0.000000000000000 -0.000000000000000 -0.701856839304601
 -0.024707476071298  0.000000000000000 -0.000027990470268 -0.000081512600347
 -0.003319978718143  0.000000000000000 -0.000056867777104  0.000108001521716
  0.006012902052969  0.006066859515469  0.005950234997778  0.000000000000000
  0.000000000000000  0.000002808620682 -0.701856839304601 -0.024707476071298
  0.000000000000000  0.000027990470268 -0.000081512600347 -0.003319978718143
  0.000000000000000  0.000056867777104  0.000108001521716  0.006012902052969
  0.006066859515469  0.005950234997778  0.000000000000000  0.000000000000000
 -0.000002808620682  0.000011488101570  0.000033774116803  0.000000000000000
  0.000000000000000  0.000048600119023 -0.000358218059809  0.000000000000000
 -0.000000000000000 -0.000027862810400  0.000026915319144  0.000058482329114
  0.000124596903735  0.000000000000000  0.000000000000000  0.000000000000000
 -0.000231756993982  0.000451983375485  0.000000000000000  0.000016570077732
 -0.000022753719400 -0.000210369052886  0.000377267137784  0.000000000000000
 -0.000010605995400 -0.000029558226110 -0.000231756993982  0.000451983375485
  0.000000000000000 -0.000016570077732 -0.000022753719400 -0.000210369052886
  0.000377267137784  0.000000000000000  0.000010605995400 -0.000029558226110
    4 Orbital Energy   -10.296801 Occupation  1.000000 Symmetry A1      
  0.992791464028680  0.048131311109829  0.000000000000000  0.000000000000000
  0.000380729374960 -0.006846951098255  0.000000000000000 -0.000000000000000
 -0.005319996870769 -0.009851555646437 -0.008854471142547 -0.008400698304666
  0.000000000000000  0.000000000000000 -0.000000000000000 -0.000279257717960
 -0.000301174536763  0.000000000000000  0.000243351621112  0.000096946166113
  0.003368478273491  0.000000000000000 -0.001158372903898  0.000791435803294
 -0.000120201297729 -0.000758916357948 -0.000529865743625  0.000000000000000
  0.000000000000000 -0.000137300705613 -0.000279257717960 -0.000301174536763
  0.000000000000000 -0.000243351621112  0.000096946166113  0.003368478273491
  0.000000000000000  0.001158372903898  0.000791435803294 -0.000120201297729
 -0.000758916357948 -0.000529865743625  0.000000000000000  0.000000000000000
  0.000137300705613 -0.000042250468378  0.000726778880042  0.000000000000000
  0.000000000000000  0.000071474834002 -0.005026365670500  0.000000000000000
 -0.000000000000000 -0.002244323891092  0.000563318136550  0.000432413141365
  0.000095441308177  0.000000000000000  0.000000000000000  0.000000000000000
  0.000276259551012  0.000332444816215  0.000000000000000 -0.000252947754977
  0.000007727132523 -0.000163635102505 -0.000161134537418  0.000000000000000
 -0.000109902832329 -0.000176226377453  0.000276259551012  0.000332444816215
  0.000000000000000  0.000252947754977  0.000007727132523 -0.000163635102505
 -0.000161134537418  0.000000000000000  0.000109902832329 -0.000176226377453
    5 Orbital Energy    -1.027254 Occupation  1.000000 Symmetry A1      
  0.147347274789509 -0.296347809722471  0.000000000000000  0.000000000000000
  0.070805526211703 -0.048184897473347  0.000000000000000 -0.000000000000000
 -0.030594294326762  0.024972226004750  0.010119834853854 -0.013325875900430
  0.000000000000000  0.000000000000000 -0.000000000000000  0.078359128306703
 -0.161115333442771  0.000000000000000  0.048330625003254  0.032710790242046
 -0.137002436410942  0.000000000000000  0.014721846545008  0.017711961054335
  0.007200604552014 -0.004550138280676 -0.001165297748913  0.000000000000000
  0.000000000000000 -0.007232526576251  0.078359128306703 -0.161115333442771
  0.000000000000000 -0.048330625003254  0.032710790242046 -0.137002436410942
  0.000000000000000 -0.014721846545008  0.017711961054335  0.007200604552014
 -0.004550138280676 -0.001165297748913  0.000000000000000  0.000000000000000
  0.007232526576251  0.143405967341995 -0.304699459804944  0.000000000000000
 -0.000000000000000 -0.131770246957890 -0.306217789078570  0.000000000000000
 -0.000000000000000 -0.054845335571786  0.007884378269836  0.009580849827864
 -0.010294927271100  0.000000000000000  0.000000000000000 -0.000000000000000
 -0.035671005811306 -0.001095443916253  0.000000000000000  0.005383726158765
 -0.001368322928684 -0.037616142775924 -0.002314197994479  0.000000000000000
  0.000797272531800  0.004921979833259 -0.035671005811306 -0.001095443916253
  0.000000000000000 -0.005383726158765 -0.001368322928684 -0.037616142775924
 -0.002314197994479  0.000000000000000 -0.000797272531800  0.004921979833259
    6 Orbital Energy    -0.916312 Occupation  1.000000 Symmetry A1      
 -0.015064285778187  0.035692774982512  0.000000000000000  0.000000000000000
  0.260933693796776 -0.031356733239052  0.000000000000000 -0.000000000000000
 -0.031574694032776 -0.000069028544207  0.022439450395978 -0.016505552679327
  0.000000000000000  0.000000000000000  0.000000000000000 -0.110860570923407
  0.225540665055125  0.000000000000000 -0.035626239268909  0.016213413470921
  0.246057322470214  0.000000000000000 -0.028212797848234  0.013353117144551
 -0.010596852255276  0.001998464327304 -0.006859063437758  0.000000000000000
  0.000000000000000 -0.000201980613353 -0.110860570923407  0.225540665055125
  0.000000000000000  0.035626239268909  0.016213413470921  0.246057322470214
  0.000000000000000  0.028212797848234  0.013353117144551 -0.010596852255276
  0.001998464327304 -0.006859063437758  0.000000000000000  0.000000000000000
  0.000201980613353  0.137240694564593 -0.295409472126971  0.000000000000000
 -0.000000000000000 -0.093690016169313 -0.302831102428917  0.000000000000000
 -0.000000000000000 -0.028765421232248  0.006479376962015  0.006603236862042
 -0.002148255510209  0.000000000000000  0.000000000000000  0.000000000000000
  0.059771526871868  0.006230976622659  0.000000000000000 -0.007196447321546
  0.003731386839094  0.077511288088315  0.007569172517817  0.000000000000000
 -0.001081430040902 -0.010708073098683  0.059771526871868  0.006230976622659
  0.000000000000000  0.007196447321546  0.003731386839094  0.077511288088315
  0.007569172517817  0.000000000000000  0.001081430040902 -0.010708073098683
    7 Orbital Energy    -0.876276 Occupation  1.000000 Symmetry B2      
  0.000000000000000  0.000000000000000  0.000000000000000 -0.195741939182349
 -0.000000000000000  0.000000000000000  0.000000000000000  0.037332987453850
  0.000000000000000  0.000000000000000 -0.000000000000000 -0.000000000000000
  0.000000000000000  0.000000000000000 -0.023023021191538  0.148728840344960
 -0.305932455244686  0.000000000000000 -0.011790092584871  0.009516365845670
 -0.335393810832748  0.000000000000000  0.003818184976682  0.013138437682517
  0.013376174467501  0.004029447923492  0.002862441198326  0.000000000000000
  0.000000000000000 -0.002191299727707 -0.148728840344960  0.305932455244686
  0.000000000000000 -0.011790092584871 -0.009516365845670  0.335393810832748
  0.000000000000000  0.003818184976682 -0.013138437682517 -0.013376174467501
 -0.004029447923492 -0.002862441198326  0.000000000000000  0.000000000000000
 -0.002191299727707  0.000000000000000  0.000000000000000  0.000000000000000
 -0.027743538344309 -0.000000000000000  0.000000000000000  0.000000000000000
 -0.020577320280457 -0.000000000000000  0.000000000000000 -0.000000000000000
 -0.000000000000000  0.000000000000000  0.000000000000000 -0.005296831786437
 -0.104900849666125 -0.014683884347231  0.000000000000000  0.012715690770787
 -0.005555617400591 -0.098836561731918 -0.013464068900873  0.000000000000000
 -0.000713867399879  0.013050946597913  0.104900849666125  0.014683884347231
  0.000000000000000  0.012715690770787  0.005555617400591  0.098836561731918
  0.013464068900873  0.000000000000000 -0.000713867399879 -0.013050946597913
    8 Orbital Energy    -0.635047 Occupation  1.000000 Symmetry A1      
  0.111664711579652 -0.253776375736880  0.000000000000000 -0.000000000000000
 -0.194965256001526 -0.129686428718126  0.000000000000000 -0.000000000000000
 -0.048954922873571  0.013435009680918  0.004314399435096  0.011741017574432
  0.000000000000000  0.000000000000000  0.000000000000000 -0.039249783090741
  0.084055147108909  0.000000000000000  0.282147075732749  0.115980261037557
  0.108839917636065  0.000000000000000  0.113280067396378  0.046773150066517
 -0.002569394499035 -0.007830724741283  0.004347378629895  0.000000000000000
  0.000000000000000 -0.007695191788925 -0.039249783090741  0.084055147108909
  0.000000000000000 -0.282147075732749  0.115980261037557  0.108839917636065
  0.000000000000000 -0.113280067396378  0.046773150066517 -0.002569394499035
 -0.007830724741283  0.004347378629895  0.000000000000000  0.000000000000000
  0.007695191788925 -0.047403408377102  0.109791977573205  0.000000000000000
 -0.000000000000000 -0.027990867764506  0.108602451329133  0.000000000000000
 -0.000000000000000 -0.029362748354141  0.001316115009849  0.001671018641081
 -0.006910699849780  0.000000000000000  0.000000000000000 -0.000000000000000
  0.142796695681927  0.055518675317579  0.000000000000000 -0.007789710684488
  0.008548832795706  0.100535978103091  0.043785779645411  0.000000000000000
  0.005870105760828 -0.006920928757481  0.142796695681927  0.055518675317579
  0.000000000000000  0.007789710684488  0.008548832795706  0.100535978103091
  0.043785779645411  0.000000000000000 -0.005870105760828 -0.006920928757481
    9 Orbital Energy    -0.556137 Occupation  1.000000 Symmetry B2      
  0.000000000000000  0.000000000000000  0.000000000000000 -0.356175102444645
 -0.000000000000000  0.000000000000000  0.000000000000000 -0.057035080923811
 -0.000000000000000  0.000000000000000 -0.000000000000000 -0.000000000000000
  0.000000000000000  0.000000000000000 -0.010333036073382 -0.001680844410809
  0.001534602747463  0.000000000000000  0.163275994034829  0.290797990278945
  0.005729376782975  0.000000000000000  0.065385508386274  0.129756283216504
 -0.001126728329082  0.000470984925500  0.004889201226016  0.000000000000000
  0.000000000000000 -0.005174882714012  0.001680844410809 -0.001534602747463
  0.000000000000000  0.163275994034829 -0.290797990278945 -0.005729376782975
  0.000000000000000  0.065385508386274 -0.129756283216504  0.001126728329082
 -0.000470984925500 -0.004889201226016  0.000000000000000  0.000000000000000
 -0.005174882714012  0.000000000000000  0.000000000000000  0.000000000000000
 -0.118922178066414 -0.000000000000000  0.000000000000000  0.000000000000000
 -0.060086680778011 -0.000000000000000  0.000000000000000 -0.000000000000000
 -0.000000000000000  0.000000000000000  0.000000000000000 -0.010800341151369
  0.027640116499175  0.012929364875425  0.000000000000000  0.002756561583840
  0.008154792067661  0.163578759198215  0.086661726682605  0.000000000000000
  0.003917690669263 -0.007913537189566 -0.027640116499175 -0.012929364875425
  0.000000000000000  0.002756561583840 -0.008154792067661 -0.163578759198215
 -0.086661726682605  0.000000000000000  0.003917690669263  0.007913537189566
   10 Orbital Energy    -0.527290 Occupation  1.000000 Symmetry A1      
 -0.035474908388902  0.087737539993479  0.000000000000000 -0.000000000000000
 -0.038456952095520  0.089550343159702  0.000000000000000 -0.000000000000000
 -0.009269414383603 -0.002939744477787  0.023354062839605 -0.027793564560513
  0.000000000000000  0.000000000000000 -0.000000000000000 -0.009445418229053
  0.024851684433161  0.000000000000000  0.140350099019557 -0.295299975730446
  0.025930831853407  0.000000000000000  0.086753937516406 -0.134303272831829
  0.001273937979691  0.007133775385689 -0.008684355647960  0.000000000000000
  0.000000000000000 -0.000398197968179 -0.009445418229053  0.024851684433161
  0.000000000000000 -0.140350099019557 -0.295299975730446  0.025930831853407
  0.000000000000000 -0.086753937516406 -0.134303272831829  0.001273937979691
  0.007133775385689 -0.008684355647960  0.000000000000000  0.000000000000000
  0.000398197968179  0.057599259202413 -0.121368717419659  0.000000000000000
  0.000000000000000  0.085024049147334 -0.212284569971550  0.000000000000000
  0.000000000000000  0.032009948922905  0.001966247522667  0.003966758144960
  0.011881128517324  0.000000000000000  0.000000000000000  0.000000000000000
  0.146277718278971  0.069293623976795  0.000000000000000 -0.008199229722041
 -0.002005350529239 -0.168725581775358 -0.112145287917270  0.000000000000000
  0.005005854371987  0.006341599826086  0.146277718278971  0.069293623976795
  0.000000000000000  0.008199229722041 -0.002005350529239 -0.168725581775358
 -0.112145287917270  0.000000000000000 -0.005005854371987  0.006341599826086
   11 Orbital Energy    -0.465696 Occupation  1.000000 Symmetry B2      
  0.000000000000000  0.000000000000000  0.000000000000000 -0.164619580089417
 -0.000000000000000  0.000000000000000  0.000000000000000 -0.005931572279466
 -0.000000000000000  0.000000000000000 -0.000000000000000 -0.000000000000000
  0.000000000000000  0.000000000000000 -0.024824704246943  0.017214018449256
 -0.037997203577620  0.000000000000000  0.318250892025143 -0.171676763179177
 -0.076745827676329  0.000000000000000  0.159873600095218 -0.078467835825387
  0.000648954369757  0.012479198820868 -0.006805281164135  0.000000000000000
  0.000000000000000 -0.007134076662538 -0.017214018449256  0.037997203577620
  0.000000000000000  0.318250892025143  0.171676763179177  0.076745827676329
  0.000000000000000  0.159873600095218  0.078467835825387 -0.000648954369757
 -0.012479198820868  0.006805281164135  0.000000000000000  0.000000000000000
 -0.007134076662538  0.000000000000000  0.000000000000000  0.000000000000000
 -0.022027863772725 -0.000000000000000  0.000000000000000  0.000000000000000
 -0.015210175086036 -0.000000000000000  0.000000000000000 -0.000000000000000
 -0.000000000000000  0.000000000000000  0.000000000000000 -0.005571026169453
  0.212927801143211  0.139828895650288  0.000000000000000 -0.007462392953610
  0.002730343299912 -0.125412732374634 -0.078633994715740  0.000000000000000
  0.007400712429749  0.006117653271737 -0.212927801143211 -0.139828895650288
  0.000000000000000 -0.007462392953610 -0.002730343299912  0.125412732374634
  0.078633994715740  0.000000000000000  0.007400712429749 -0.006117653271737
   12 Orbital Energy    -0.420243 Occupation  1.000000 Symmetry B1      
  0.000000000000000  0.000000000000000  0.386352829469403  0.000000000000000
  0.000000000000000  0.000000000000000  0.162028947914953  0.000000000000000
  0.000000000000000  0.000000000000000  0.000000000000000  0.000000000000000
  0.000000000000000  0.003471052808399  0.000000000000000  0.000000000000000
  0.000000000000000  0.267356808661793  0.000000000000000  0.000000000000000
  0.000000000000000  0.177489111706233  0.000000000000000  0.000000000000000
  0.000000000000000  0.000000000000000  0.000000000000000 -0.011999078427899
 -0.005931919316417  0.000000000000000  0.000000000000000  0.000000000000000
  0.267356808661793  0.000000000000000  0.000000000000000  0.000000000000000
  0.177489111706233  0.000000000000000  0.000000000000000  0.000000000000000
  0.000000000000000  0.000000000000000  0.011999078427899 -0.005931919316417
  0.000000000000000  0.000000000000000  0.000000000000000  0.249814744941443
  0.000000000000000  0.000000000000000  0.000000000000000  0.143019170811346
  0.000000000000000  0.000000000000000  0.000000000000000  0.000000000000000
  0.000000000000000  0.000000000000000  0.021136716121624  0.000000000000000
  0.000000000000000  0.000000000000000  0.007258929150696  0.000000000000000
  0.000000000000000  0.000000000000000  0.000000000000000  0.007634393254880
  0.000000000000000  0.000000000000000  0.000000000000000  0.000000000000000
  0.007258929150696  0.000000000000000  0.000000000000000  0.000000000000000
  0.000000000000000  0.007634393254880  0.000000000000000  0.000000000000000
   13 Orbital Energy    -0.386007 Occupation  1.000000 Symmetry A1      
 -0.057132723772688  0.140413773280082  0.000000000000000 -0.000000000000000
 -0.325042616031086  0.131403056948061  0.000000000000000  0.000000000000000
  0.042721561095185 -0.005649359206854 -0.020543968734566  0.003277392591583
  0.000000000000000  0.000000000000000 -0.000000000000000  0.014472836525245
 -0.028940987631789  0.000000000000000  0.028348051896016  0.106969090325313
 -0.095219794671176  0.000000000000000  0.049108373394126  0.035988356946664
  0.001248976185171 -0.005386261541721  0.012758773239355  0.000000000000000
  0.000000000000000  0.005029667716065  0.014472836525245 -0.028940987631789
  0.000000000000000 -0.028348051896016  0.106969090325313 -0.095219794671176
  0.000000000000000 -0.049108373394126  0.035988356946664  0.001248976185171
 -0.005386261541721  0.012758773239355  0.000000000000000  0.000000000000000
 -0.005029667716065  0.092575236816165 -0.196876923596178  0.000000000000000
  0.000000000000000  0.499078108016426 -0.353036728187799  0.000000000000000
  0.000000000000000  0.284711997604506 -0.001911938009009 -0.001536884969013
  0.036149996152854  0.000000000000000  0.000000000000000  0.000000000000000
 -0.036100554371783 -0.049411139275724  0.000000000000000  0.002757690307766
  0.002069330549894  0.076166437274933  0.080973411541862  0.000000000000000
  0.000075606967299 -0.000358931457094 -0.036100554371783 -0.049411139275724
  0.000000000000000 -0.002757690307766  0.002069330549894  0.076166437274933
  0.080973411541862  0.000000000000000 -0.000075606967299 -0.000358931457094
   14 Orbital Energy    -0.263729 Occupation  1.000000 Symmetry A2      
  0.000000000000000  0.000000000000000  0.000000000000000  0.000000000000000
  0.000000000000000  0.000000000000000  0.000000000000000  0.000000000000000
  0.000000000000000  0.000000000000000  0.000000000000000  0.000000000000000
 -0.035793719312859 -0.000000000000000  0.000000000000000  0.000000000000000
  0.000000000000000 -0.448461311190618  0.000000000000000  0.000000000000000
  0.000000000000000 -0.371489597547858  0.000000000000000  0.000000000000000
  0.000000000000000  0.000000000000000  0.000000000000000  0.000650117820843
  0.001348698351350  0.000000000000000  0.000000000000000  0.000000000000000
  0.448461311190618  0.000000000000000  0.000000000000000  0.000000000000000
  0.371489597547858  0.000000000000000  0.000000000000000  0.000000000000000
  0.000000000000000  0.000000000000000  0.000650117820843 -0.001348698351350
  0.000000000000000  0.000000000000000  0.000000000000000  0.000000000000000
  0.000000000000000  0.000000000000000  0.000000000000000  0.000000000000000
  0.000000000000000  0.000000000000000  0.000000000000000  0.000000000000000
  0.000000000000000 -0.002700328585013 -0.000000000000000  0.000000000000000
  0.000000000000000  0.000000000000000 -0.014264805454930  0.000000000000000
  0.000000000000000  0.000000000000000  0.000000000000000 -0.014031615487914
  0.000000000000000  0.000000000000000  0.000000000000000  0.000000000000000
  0.014264805454930  0.000000000000000  0.000000000000000  0.000000000000000
  0.000000000000000  0.014031615487914  0.000000000000000  0.000000000000000
   15 Orbital Energy    -0.246568 Occupation  1.000000 Symmetry B1      
  0.000000000000000  0.000000000000000 -0.083410433926389  0.000000000000000
  0.000000000000000  0.000000000000000 -0.097440568522442  0.000000000000000
  0.000000000000000  0.000000000000000  0.000000000000000  0.000000000000000
  0.000000000000000  0.044833621331409  0.000000000000000  0.000000000000000
  0.000000000000000  0.271364380147764  0.000000000000000  0.000000000000000
  0.000000000000000  0.251664979793263  0.000000000000000  0.000000000000000
  0.000000000000000  0.000000000000000  0.000000000000000 -0.002167790661518
  0.004715917035534  0.000000000000000  0.000000000000000  0.000000000000000
  0.271364380147764  0.000000000000000  0.000000000000000  0.000000000000000
  0.251664979793263  0.000000000000000  0.000000000000000  0.000000000000000
  0.000000000000000  0.000000000000000  0.002167790661518  0.004715917035534
  0.000000000000000  0.000000000000000  0.000000000000000 -0.507799715010327
  0.000000000000000  0.000000000000000  0.000000000000000 -0.362908173176743
  0.000000000000000  0.000000000000000  0.000000000000000  0.000000000000000
  0.000000000000000 -0.000000000000000 -0.025239074506632  0.000000000000000
  0.000000000000000  0.000000000000000  0.007939326506431  0.000000000000000
  0.000000000000000  0.000000000000000  0.000000000000000  0.009083336927822
  0.000000000000000  0.000000000000000  0.000000000000000  0.000000000000000
  0.007939326506431  0.000000000000000  0.000000000000000  0.000000000000000
  0.000000000000000  0.009083336927822  0.000000000000000  0.000000000000000
   16 Orbital Energy    -0.237785 Occupation  1.000000 Symmetry B2      
  0.000000000000000  0.000000000000000  0.000000000000000  0.000771097020058
  0.000000000000000  0.000000000000000  0.000000000000000  0.230353299566483
  0.000000000000000  0.000000000000000 -0.000000000000000 -0.000000000000000
  0.000000000000000  0.000000000000000 -0.051567992236790  0.036004286695683
 -0.069575166040760  0.000000000000000  0.086088188109962  0.102555302095949
 -0.316927251890908  0.000000000000000  0.085076600779271  0.093470249686476
  0.002973625419485  0.003838338550578  0.011717544851564  0.000000000000000
  0.000000000000000  0.000612953400773 -0.036004286695683  0.069575166040760
  0.000000000000000  0.086088188109962 -0.102555302095949  0.316927251890908
  0.000000000000000  0.085076600779271 -0.093470249686476 -0.002973625419485
 -0.003838338550578 -0.011717544851564  0.000000000000000  0.000000000000000
  0.000612953400773  0.000000000000000  0.000000000000000  0.000000000000000
  0.614406531031755  0.000000000000000  0.000000000000000  0.000000000000000
  0.416898923151230  0.000000000000000  0.000000000000000  0.000000000000000
  0.000000000000000  0.000000000000000  0.000000000000000  0.025249000686437
 -0.002933655814127  0.047794693348478  0.000000000000000  0.001544542938412
 -0.000171207783528  0.060009154958272  0.088248290118703  0.000000000000000
  0.002228945012678  0.000226650347368  0.002933655814127 -0.047794693348478
  0.000000000000000  0.001544542938412  0.000171207783528 -0.060009154958272
 -0.088248290118703  0.000000000000000  0.002228945012678 -0.000226650347368
   17 Orbital Energy     0.059076 Occupation  0.000000 Symmetry A1      
  0.026472751630251 -0.041122220034851  0.000000000000000 -0.000000000000000
 -0.044535334701808 -0.101721640573946  0.000000000000000  0.000000000000000
  0.003141596264132 -0.002212610262618  0.003389923426341  0.012626727706776
  0.000000000000000  0.000000000000000  0.000000000000000 -0.084881811422791
  0.136260515809959  0.000000000000000  0.060249555493554  0.148966222149139
  1.092164071749850  0.000000000000000  0.188721762454588  0.347898620968378
 -0.021983617862990 -0.020701904666147 -0.017703632758305  0.000000000000000
  0.000000000000000  0.002223034086462 -0.084881811422791  0.136260515809959
  0.000000000000000 -0.060249555493554  0.148966222149139  1.092164071749850
  0.000000000000000 -0.188721762454588  0.347898620968378 -0.021983617862990
 -0.020701904666147 -0.017703632758305  0.000000000000000  0.000000000000000
 -0.002223034086462 -0.014472100617987  0.042359420840004  0.000000000000000
  0.000000000000000  0.053508687048765  0.079449783571774  0.000000000000000
  0.000000000000000  0.073161469883841  0.000170209203342 -0.002749834638513
  0.007325528499345  0.000000000000000  0.000000000000000  0.000000000000000
 -0.055767416965995 -0.542342415682421  0.000000000000000 -0.005366349817902
  0.003072729384416 -0.049852096591579 -0.996625653276106  0.000000000000000
  0.004188016524108 -0.008233481709056 -0.055767416965995 -0.542342415682421
  0.000000000000000  0.005366349817902  0.003072729384416 -0.049852096591579
 -0.996625653276106  0.000000000000000 -0.004188016524108 -0.008233481709056
   18 Orbital Energy     0.094754 Occupation  0.000000 Symmetry B1      
  0.000000000000000  0.000000000000000 -0.611038408463444  0.000000000000000
  0.000000000000000  0.000000000000000 -0.657829617461841  0.000000000000000
  0.000000000000000  0.000000000000000  0.000000000000000  0.000000000000000
 -0.000000000000000 -0.017493400420121  0.000000000000000  0.000000000000000
  0.000000000000000  0.231742533032898  0.000000000000000  0.000000000000000
  0.000000000000000  0.354563246915943  0.000000000000000  0.000000000000000
  0.000000000000000  0.000000000000000  0.000000000000000  0.030034468927659
  0.020285744189163  0.000000000000000  0.000000000000000  0.000000000000000
  0.231742533032898  0.000000000000000  0.000000000000000  0.000000000000000
  0.354563246915943  0.000000000000000  0.000000000000000  0.000000000000000
  0.000000000000000  0.000000000000000 -0.030034468927659  0.020285744189163
  0.000000000000000  0.000000000000000  0.000000000000000  0.355023988549417
  0.000000000000000  0.000000000000000  0.000000000000000  0.414051548697005
  0.000000000000000  0.000000000000000  0.000000000000000  0.000000000000000
  0.000000000000000 -0.000000000000000 -0.008094452726840  0.000000000000000
  0.000000000000000  0.000000000000000  0.011880852183021  0.000000000000000
  0.000000000000000  0.000000000000000  0.000000000000000  0.013360078696364
  0.000000000000000  0.000000000000000  0.000000000000000  0.000000000000000
  0.011880852183021  0.000000000000000  0.000000000000000  0.000000000000000
  0.000000000000000  0.013360078696364  0.000000000000000  0.000000000000000
   19 Orbital Energy     0.110227 Occupation  0.000000 Symmetry A1      
  0.010651243636407 -0.029144253267922  0.000000000000000 -0.000000000000000
 -0.093916938093012 -0.139930719375124  0.000000000000000  0.000000000000000
  0.039142104696959  0.000496388629937  0.034896407990087 -0.037999444807186
  0.000000000000000  0.000000000000000 -0.000000000000000 -0.036597762062264
  0.075421524380348  0.000000000000000  0.124182159237514 -0.217952020857311
  0.365675252141485  0.000000000000000  0.362207906805667 -0.543443857522433
 -0.002228612465545 -0.027172662492490  0.008988644938782  0.000000000000000
  0.000000000000000  0.008587701397277 -0.036597762062264  0.075421524380348
  0.000000000000000 -0.124182159237514 -0.217952020857311  0.365675252141485
  0.000000000000000 -0.362207906805667 -0.543443857522433 -0.002228612465545
 -0.027172662492490  0.008988644938782  0.000000000000000  0.000000000000000
 -0.008587701397277  0.007133192543094 -0.035945314709310  0.000000000000000
 -0.000000000000000 -0.101727936280672  0.040217039006715  0.000000000000000
 -0.000000000000000 -0.060498074690102 -0.006150058062969 -0.004242538642851
 -0.000172395784987  0.000000000000000  0.000000000000000 -0.000000000000000
 -0.106089699307760 -1.109307088672444  0.000000000000000 -0.009868559558901
 -0.001652828903495  0.062561544075003  0.684223340275750  0.000000000000000
  0.000154429130391  0.001252179703599 -0.106089699307760 -1.109307088672444
  0.000000000000000  0.009868559558901 -0.001652828903495  0.062561544075003
  0.684223340275750  0.000000000000000 -0.000154429130391  0.001252179703599
   20 Orbital Energy     0.111192 Occupation  0.000000 Symmetry B2      
  0.000000000000000  0.000000000000000  0.000000000000000  0.151726021162472
  0.000000000000000  0.000000000000000  0.000000000000000 -0.022730822477923
 -0.000000000000000  0.000000000000000 -0.000000000000000 -0.000000000000000
  0.000000000000000  0.000000000000000 -0.000672646811174  0.081197777306935
 -0.123520977495487  0.000000000000000 -0.156211061489096 -0.090037834574749
 -1.139850357355833  0.000000000000000 -0.356226407455551 -0.223069818046111
  0.019727014460556  0.014483854773804  0.027070353314303  0.000000000000000
  0.000000000000000  0.008098229828959 -0.081197777306935  0.123520977495487
  0.000000000000000 -0.156211061489096  0.090037834574749  1.139850357355833
  0.000000000000000 -0.356226407455551  0.223069818046111 -0.019727014460556
 -0.014483854773804 -0.027070353314303  0.000000000000000  0.000000000000000
  0.008098229828959  0.000000000000000  0.000000000000000  0.000000000000000
 -0.129404391987603 -0.000000000000000  0.000000000000000  0.000000000000000
 -0.095742413922702 -0.000000000000000  0.000000000000000  0.000000000000000
  0.000000000000000  0.000000000000000  0.000000000000000  0.001890204179842
  0.033409362629410  0.865827227367676  0.000000000000000  0.005582233144179
 -0.001482320229854  0.074109334413622  0.935935895084978  0.000000000000000
  0.005476827263931  0.008481898486627 -0.033409362629410 -0.865827227367676
  0.000000000000000  0.005582233144179  0.001482320229854 -0.074109334413622
 -0.935935895084978  0.000000000000000  0.005476827263931 -0.008481898486627
   21 Orbital Energy     0.159501 Occupation  0.000000 Symmetry B2      
  0.000000000000000  0.000000000000000  0.000000000000000 -0.103329000059224
 -0.000000000000000  0.000000000000000  0.000000000000000  0.047279577574956
  0.000000000000000  0.000000000000000  0.000000000000000  0.000000000000000
  0.000000000000000  0.000000000000000  0.020130058217828 -0.012472186631989
  0.033469500170698  0.000000000000000 -0.214562875936140  0.218992013036303
  0.037546347750511  0.000000000000000 -0.498702971629702  0.591692764673103
  0.003244984629922  0.004608961841578 -0.010993669293427  0.000000000000000
  0.000000000000000 -0.010520656745863  0.012472186631989 -0.033469500170698
  0.000000000000000 -0.214562875936140 -0.218992013036303 -0.037546347750511
  0.000000000000000 -0.498702971629702 -0.591692764673103 -0.003244984629922
 -0.004608961841578  0.010993669293427  0.000000000000000  0.000000000000000
 -0.010520656745863  0.000000000000000  0.000000000000000  0.000000000000000
  0.047183456487958  0.000000000000000  0.000000000000000  0.000000000000000
  0.047997560224424  0.000000000000000  0.000000000000000 -0.000000000000000
 -0.000000000000000  0.000000000000000  0.000000000000000 -0.006691699671934
  0.061951588721528  1.063716489780323  0.000000000000000  0.003220996446385
 -0.001471392043994 -0.073603773812633 -1.052626801576110  0.000000000000000
 -0.007480340264190 -0.005500418525789 -0.061951588721528 -1.063716489780323
  0.000000000000000  0.003220996446385  0.001471392043994  0.073603773812633
  1.052626801576110  0.000000000000000 -0.007480340264190  0.005500418525789
   22 Orbital Energy     0.293714 Occupation  0.000000 Symmetry A1      
  0.147788733513588 -0.100859293496042  0.000000000000000 -0.000000000000000
 -0.059822502253050 -4.300938098823377  0.000000000000000  0.000000000000000
  0.063787847426155 -0.031195363635335  0.005921420548807  0.008976752567404
  0.000000000000000  0.000000000000000  0.000000000000000 -0.057906244785400
  0.092673879457332  0.000000000000000 -0.153962096632371 -0.133028873063739
  1.063666278365321  0.000000000000000 -0.940266398950230 -0.688119241759167
 -0.028353477906265  0.014360660563433 -0.001879944492480  0.000000000000000
  0.000000000000000 -0.026225026357695 -0.057906244785400  0.092673879457332
  0.000000000000000  0.153962096632371 -0.133028873063739  1.063666278365321
  0.000000000000000  0.940266398950230 -0.688119241759167 -0.028353477906265
  0.014360660563433 -0.001879944492480  0.000000000000000  0.000000000000000
  0.026225026357695 -0.083330002073167  0.089804621833519  0.000000000000000
  0.000000000000000  0.210066911944646  1.448059936781315  0.000000000000000
  0.000000000000000  0.777483160920710 -0.061184067156368 -0.032547561429485
  0.008480757195173  0.000000000000000  0.000000000000000 -0.000000000000000
  0.081813027003958  0.226484920867186  0.000000000000000  0.001347671948740
 -0.007975053887630 -0.026186295741956  0.285750401833953  0.000000000000000
 -0.020947876014796 -0.003319211710839  0.081813027003958  0.226484920867186
  0.000000000000000 -0.001347671948740 -0.007975053887630 -0.026186295741956
  0.285750401833953  0.000000000000000  0.020947876014796 -0.003319211710839
   23 Orbital Energy     0.340177 Occupation  0.000000 Symmetry A1      
 -0.053621940712288  0.166084478567325  0.000000000000000  0.000000000000000
  0.301372192831812  1.373204914331900  0.000000000000000  0.000000000000000
  3.499080179799740  0.006100443936022 -0.008407021059504  0.009272952638019
  0.000000000000000  0.000000000000000  0.000000000000000  0.046468910668022
 -0.008789427645993  0.000000000000000  0.107308916382400 -0.016181886527369
 -1.593417090770552  0.000000000000000  1.373523921663124 -0.079023748542083
  0.020448845052487  0.067473288881686 -0.031445191303054  0.000000000000000
  0.000000000000000 -0.006458267849620  0.046468910668022 -0.008789427645993
  0.000000000000000 -0.107308916382400 -0.016181886527369 -1.593417090770552
  0.000000000000000 -1.373523921663124 -0.079023748542083  0.020448845052487
  0.067473288881686 -0.031445191303054  0.000000000000000  0.000000000000000
  0.006458267849620 -0.095571386601862  0.056286759457023  0.000000000000000
  0.000000000000000  0.048062460983334  2.238307278056912  0.000000000000000
  0.000000000000000  0.751582550375011 -0.052850900119983 -0.073498288609145
 -0.003646243947432  0.000000000000000  0.000000000000000 -0.000000000000000
  0.110880097777166 -0.660058783461885  0.000000000000000  0.028816204317285
  0.018023595500733 -0.138367417654154  0.287274934145791  0.000000000000000
 -0.003871390899537 -0.009606413951217  0.110880097777166 -0.660058783461885
  0.000000000000000 -0.028816204317285  0.018023595500733 -0.138367417654154
  0.287274934145791  0.000000000000000  0.003871390899537 -0.009606413951217
   24 Orbital Energy     0.459922 Occupation  0.000000 Symmetry B2      
  0.000000000000000  0.000000000000000  0.000000000000000  0.678458700735502
  0.000000000000000  0.000000000000000  0.000000000000000  2.593045388880360
  0.000000000000000  0.000000000000000 -0.000000000000000 -0.000000000000000
  0.000000000000000  0.000000000000000 -0.054648059227232  0.062475975333032
 -0.124072175211538  0.000000000000000  0.200694685905865  0.191990122276167
 -1.300413676245778  0.000000000000000  0.789453916373154  1.126913829450090
 -0.009925838582050 -0.012352753784134  0.056810183735767  0.000000000000000
  0.000000000000000  0.053293152166101 -0.062475975333032  0.124072175211538
  0.000000000000000  0.200694685905865 -0.191990122276167  1.300413676245778
  0.000000000000000  0.789453916373154 -1.126913829450090  0.009925838582050
  0.012352753784134 -0.056810183735767  0.000000000000000  0.000000000000000
  0.053293152166101  0.000000000000000  0.000000000000000  0.000000000000000
 -0.259051184243242 -0.000000000000000  0.000000000000000  0.000000000000000
 -0.578556604779996 -0.000000000000000  0.000000000000000  0.000000000000000
  0.000000000000000  0.000000000000000  0.000000000000000  0.026927389668849
 -0.088479940818724 -0.030920141874447  0.000000000000000 -0.004953873689030
  0.009631720239268  0.074610686717083 -0.893216298599382  0.000000000000000
  0.018450430270207  0.015830276787975  0.088479940818724  0.030920141874447
  0.000000000000000 -0.004953873689030 -0.009631720239268 -0.074610686717083
  0.893216298599382  0.000000000000000  0.018450430270207 -0.015830276787975
   25 Orbital Energy     0.559585 Occupation  0.000000 Symmetry A1      
  0.013504069136323  1.010369577259644  0.000000000000000  0.000000000000000
  0.511506126720313 -1.796452149539860  0.000000000000000 -0.000000000000000
 -0.900044997862086  0.011183954170601  0.093814525660980  0.065120139377996
  0.000000000000000  0.000000000000000  0.000000000000000  0.022850004669014
  0.117682990560391  0.000000000000000 -0.138477445774979 -0.062243543033381
  0.310485452793131  0.000000000000000  0.023927631531043  0.070690771616154
 -0.038717906985779  0.086060337147921  0.104199205182966  0.000000000000000
  0.000000000000000  0.064640782305769  0.022850004669014  0.117682990560391
  0.000000000000000  0.138477445774979 -0.062243543033381  0.310485452793131
  0.000000000000000 -0.023927631531043  0.070690771616154 -0.038717906985779
  0.086060337147921  0.104199205182966  0.000000000000000  0.000000000000000
 -0.064640782305769 -0.013781249023963  0.065516270272071  0.000000000000000
 -0.000000000000000 -0.006809886364875 -0.001358493528293  0.000000000000000
  0.000000000000000  0.198247467085794 -0.009389636303332  0.015956535121006
  0.005777112974816  0.000000000000000  0.000000000000000  0.000000000000000
 -0.041242393247030  0.085225432616632  0.000000000000000  0.030195357601812
  0.004002739899774  0.265769332678910 -0.092854756763632  0.000000000000000
  0.053455948081035  0.043709999832460 -0.041242393247030  0.085225432616632
  0.000000000000000 -0.030195357601812  0.004002739899774  0.265769332678910
 -0.092854756763632  0.000000000000000 -0.053455948081035  0.043709999832460
   26 Orbital Energy     0.566232 Occupation  0.000000 Symmetry B2      
  0.000000000000000  0.000000000000000  0.000000000000000  0.788770326288917
  0.000000000000000  0.000000000000000  0.000000000000000 -2.409271736834600
 -0.000000000000000  0.000000000000000 -0.000000000000000 -0.000000000000000
  0.000000000000000  0.000000000000000 -0.026484389011618  0.012991654060374
  0.008688787944600  0.000000000000000 -0.076839643387803  0.012688594825655
  0.959971104569379  0.000000000000000  0.035861142072022 -0.358119159005692
 -0.041289589602294  0.118208170245219  0.004847812380937  0.000000000000000
  0.000000000000000  0.058771068657882 -0.012991654060374 -0.008688787944600
  0.000000000000000 -0.076839643387803 -0.012688594825655 -0.959971104569379
  0.000000000000000  0.035861142072022  0.358119159005692  0.041289589602294
 -0.118208170245219 -0.004847812380937  0.000000000000000  0.000000000000000
  0.058771068657882  0.000000000000000  0.000000000000000  0.000000000000000
  0.216663818666176  0.000000000000000  0.000000000000000  0.000000000000000
  0.361499474574182  0.000000000000000  0.000000000000000  0.000000000000000
  0.000000000000000  0.000000000000000  0.000000000000000  0.048632772192696
  0.193127735378056 -0.140716998632384  0.000000000000000  0.058356272760751
  0.037238470481003 -0.094152241856620  0.213193275234004  0.000000000000000
  0.010034426162890  0.001377317690606 -0.193127735378056  0.140716998632384
  0.000000000000000  0.058356272760751 -0.037238470481003  0.094152241856620
 -0.213193275234004  0.000000000000000  0.010034426162890 -0.001377317690606
&
&valid
version=1.0
geometry
atom_num=8
   6     0.0000000000     0.0000000000    -0.0869994303
   7     0.0000000000     1.1076762323     0.6472632541
   7     0.0000000000    -1.1076762323     0.6472632541
   8     0.0000000000     0.0000000000    -1.3126550966
   1     0.0000000000     2.0496178648     0.2864369177
   1     0.0000000000     1.1421522326     1.6545988484
   1     0.0000000000    -2.0496178648     0.2864369177
   1     0.0000000000    -1.1421522326     1.6545988484
end
molecule
molchg=0
multip=1
qs_cuts=   0    0    0
end
basis
name=6-31g**                         
numd=6
atom_basis_num=0
end
&
